Licence: Creative Commons Attribution 4.0 International (CC-BY 4.0) Licence.																									
"Citation: ISONET Project Members; Schleser, Gerhard Hans; Andreu-Hayles, Laia; Bednarz, Zdzislaw; Berninger, Frank; Boettger, Tatjana; Dorado-Liñán, Isabel; Esper, Jan; Grabner, Michael; Gutiérrez, Emilia; Helle, Gerhard; Hilasvuori, Emmi; Jugner, Högne; Kalela-Brundin, Maarit; Kr_piec, Marek; Leuenberger, Markus; Loader, Neil J.; Masson-Delmotte, Valérie; Pawe_czyk, S_awomira; Pazdur, Anna; Pukien_, R_til_; Rinne-Garmston, Katja T.; Saracino, Antonio; Saurer, Matthias; Sonninen, Eloni; Stiévenard, Michel; Switsur, Vincent R.; Szychowska-Kr_piec, El_bieta; Szczepanek, M.; Todaro, Luigi; Treydte, Kerstin; Vitas, Adomas; Waterhouse, John S.; Weigl-Kuska, Martin; Wimmer, Rupert (2023): Stable carbon isotope ratios of tree-ring cellulose from the site network of the EU-Project ‘ISONET’. GFZ Data Services. https://doi.org/10.5880/GFZ.4.3.2023.002"																									
																									
Site Code	BRO	CAV 	CAZ 	COL   	DRA 	FON 	GUT 	ILO	INA 	AHI	LAI 	LIL	LOC 	NIE1	NIE2	PAN 	PED 	POE 	REN 	SER	SUW 	VIG 	VIN 	WIN	WOB 
Site  name	Bromarv	Cavergno	Cazorla	Col Du Zad 	Dransfeld	Fontainebleau	Gutuli	Sivakkovaara	Inari	Perchtoldsdorf Wehrturm, Gaaden Glockenturm, Klosterneuburg Glockenturm	Lainzer Tiergarten	Pinar de Lillo	Lochwood	Niepolomice	Niepolomice	Panemunes	Pedraforca	Poellau	Renn	Monte Pollino	Suwalki	Vigera	Vinuesa	Windsor	Woburn
Country	Finland	Switzerland	Spain	Morocco	Germany	France	Norway	Finland	Finland	Austria	Austria	Spain	United Kingdom	Poland	Poland	Lithuania	Spain	Austria	France	Italy	Poland	Switzerland	Spain	United Kingdom	United Kingdom
Latitude	60.00	46.35	37.93	32.97	51.51	48.38	62.00	62.98	68.93	48.25	48.18	43.07	55.27	50.03	50.03	54.09	42.23	47.31	48.02	39.93	53.95	46.05	42.00	51.43	51.98
Longitude	23.08	8.6	-2.97	-5.07	9.78	2.67	12.18	31.27	28.31	16.77	16.20	-5.25	-3.43	20.35	20.35	23.96	1.70	15.81	-1.83	16.21	23.25	8.77	2.75	-0.61	-0.59
Species	Quercus robur	Quercus petraea	Pinus nigra	Cedrus atlantica	Quercus petraea	Quercus petraea	Pinus sylvestris	Pinus sylvestris	Pinus sylvestris	Quercus petraea	Quercus petraea	Pinus sylvestris	Quercus petraea	Quercus robur	Pinus sylvestris	Pinus sylvestris	Pinus uncinata	Pinus nigra	Quercus robur	Pinus leucodermis	Pinus sylvestris	Pinus sylvestris	Pinus uncinata	Pinus sylvestris	Pinus sylvestris
First year CE	1901	1637	1600	1600	1776	1600	1600	1600	1600	1600	1812	1600	1749	1627	1627	1816	1600	1600	1611	1604	1600	1675	1850	1763	1604
Last year CE	2002	2002	2002	2000	1999	2000	2003	2002	2002	1883	2003	2002	2003	2003	2003	2002	2003	2002	1998	2003	2004	2003	1999	2003	2003
elevation a.s.l.	5	900	1820	2200	320	100	800	200	150	n.s.	300	1600	175	190	190	45	2120	500	100	1900	160	1400	1950	80	10
Year CE	13CVPDB	13CVPDB	13CVPDB	13CVPDB	13CVPDB	13CVPDB	13CVPDB	13CVPDB	13CVPDB	13CVPDB	13CVPDB	13CVPDB	13CVPDB	13CVPDB	13CVPDB	13CVPDB	13CVPDB	13CVPDB	13CVPDB	13CVPDB	13CVPDB	13CVPDB	13CVPDB	13CVPDB	13CVPDB
1600	NA	NA	-21,1	-20,5	NA	-23,65	-23,16	-23,8	-26,1	-23,9	NA	-21,4	NA	NA 	NA 	NA 	-22,03	-23,9	NA	NA	-23,5	NA	NA	NA	NA 
1601	NA	NA	-21,0	-20,5	NA	-23,60	-22,29	-22,6	-26,3	-23,9	NA	-21,7	NA	NA 	NA 	NA 	-21,63	-23,9	NA	NA	-23,5	NA	NA	NA	NA 
1602	NA	NA	-20,9	-20,5	NA	-23,60	-23,30	-23,4	-25,8	-23,6	NA	-21,7	NA	NA 	NA 	NA 	-22,64	-23,4	NA	NA	-23,4	NA	NA	NA	NA 
1603	NA	NA	-20,9	-20,8	NA	-24,58	-22,60	-23,3	-25,5	-23,8	NA	-23,7	NA	NA 	NA 	NA 	-22,01	-23,7	NA	NA	-23,6	NA	NA	NA	NA 
1604	NA	NA	-21,7	-21,3	NA	-24,40	-23,14	-23,9	-25,6	-23,9	NA	-22,4	NA	NA 	NA 	NA 	-21,76	-24,1	NA	-22,2	-23,7	NA	NA	NA	-23,9
1605	NA	NA	-21,3	-21,0	NA	-24,33	-24,43	-23,3	-25,1	-23,7	NA	-22,0	NA	NA 	NA 	NA 	-22,20	-23,5	NA	-22,3	-23,4	NA	NA	NA	-24,2
1606	NA	NA	-20,5	-20,3	NA	-24,06	-23,69	-23,2	-24,5	-24,0	NA	-21,9	NA	NA 	NA 	NA 	-21,19	-23,5	NA	-21,9	-23,3	NA	NA	NA	-24,1
1607	NA	NA	-20,9	-20,3	NA	-23,54	-23,99	-23,8	-24,9	-24,1	NA	-21,9	NA	NA 	NA 	NA 	-21,43	-23,1	NA	-21,2	-23,8	NA	NA	NA	-22,7
1608	NA	NA	-21,0	-20,1	NA	-24,62	-24,03	-23,6	-25,6	-24,3	NA	-21,6	NA	NA 	NA 	NA 	-21,07	-22,9	NA	-21,4	-23,9	NA	NA	NA	-23,6
1609	NA	NA	-21,1	-20,3	NA	-23,32	-23,35	-23,3	-25,7	-24,6	NA	-21,4	NA	NA 	NA 	NA 	-22,07	-23,9	NA	-22,0	-23,5	NA	NA	NA	-23,2
1610	NA	NA	-21,1	-20,1	NA	-23,53	-23,05	-23,1	-25,5	-24,3	NA	-20,7	NA	NA 	NA 	NA 	-21,82	-24,3	NA	-22,2	-23,5	NA	NA	NA	-23,5
1611	NA	NA	-21,2	-20,7	NA	-23,78	-23,23	-23,2	-25,2	-24,3	NA	-22,2	NA	NA 	NA 	NA 	-20,94	-22,8	-23,07	-21,1	-23,6	NA	NA	NA	-23,1
1612	NA	NA	-21,7	-20,6	NA	-23,93	-23,40	-23,0	-24,9	-23,9	NA	-22,2	NA	NA 	NA 	NA 	-21,51	-23,8	-22,64	-21,8	-23,0	NA	NA	NA	-23,4
1613	NA	NA	-21,4	-20,7	NA	-24,58	-23,08	-23,1	-25,6	-24,4	NA	-22,1	NA	NA 	NA 	NA 	-21,38	-23,1	-23,36	-21,3	-22,6	NA	NA	NA	-24,7
1614	NA	NA	-20,7	-20,2	NA	-24,26	-22,46	-23,6	-25,6	-23,9	NA	-21,5	NA	NA 	NA 	NA 	-21,39	-25,0	-23,31	-21,5	-23,3	NA	NA	NA	-24,2
1615	NA	NA	-20,8	-20,5	NA	-24,20	-23,51	-23,3	-26,3	-23,9	NA	-21,2	NA	NA 	NA 	NA 	-21,86	-23,1	-23,36	-21,6	-23,0	NA	NA	NA	NA
1616	NA	NA	-21,4	-20,8	NA	-24,55	-22,84	-23,5	-25,9	-23,0	NA	-21,6	NA	NA 	NA 	NA 	-22,15	-24,7	-24,33	-21,9	-23,0	NA	NA	NA	NA
1617	NA	NA	-21,1	-21,0	NA	-24,03	-22,91	-23,1	-25,5	-24,6	NA	-22,1	NA	NA 	NA 	NA 	-22,06	-23,4	-24,18	-22,3	-22,8	NA	NA	NA	-24,8
1618	NA	NA	-20,7	-21,0	NA	-24,36	-23,72	-23,5	-25,4	-24,7	NA	-23,2	NA	NA 	NA 	NA 	-22,10	-23,3	-24,56	-21,6	-23,4	NA	NA	NA	-24,4
1619	NA	NA	-21,2	-21,1	NA	-24,21	-24,51	-23,5	-25,2	-24,5	NA	-22,4	NA	NA 	NA 	NA 	-21,06	-23,4	-24,49	-21,9	-22,5	NA	NA	NA	-23,7
1620	NA	NA	-21,1	-21,1	NA	-24,31	-23,05	-24,0	-25,8	-23,7	NA	-21,9	NA	NA 	NA 	NA 	-21,30	-23,7	-24,23	-21,6	-22,8	NA	NA	NA	-24,1
1621	NA	NA	-20,9	-21,0	NA	-24,28	-23,96	-23,2	-25,0	-23,8	NA	-21,6	NA	NA 	NA 	NA 	-21,59	-23,1	-24,32	-22,0	-22,7	NA	NA	NA	-24,0
1622	NA	NA	-21,0	-20,6	NA	-24,19	-23,83	-23,0	-25,1	-24,0	NA	-21,2	NA	NA 	NA 	NA 	-21,19	-23,9	-24,45	-21,8	-23,1	NA	NA	NA	-24,3
1623	NA	NA	-20,9	-20,9	NA	-23,94	-23,60	-23,6	-25,4	-24,0	NA	-20,9	NA	NA 	NA 	NA 	-20,61	-23,4	-24,14	-21,7	-22,8	NA	NA	NA	-24,5
1624	NA	NA	-21,0	-21,0	NA	-24,02	-23,58	-23,2	-25,6	-24,1	NA	-21,0	NA	NA 	NA 	NA 	-21,13	-23,5	-23,40	-22,1	-22,2	NA	NA	NA	-23,7
1625	NA	NA	-20,7	-20,8	NA	-24,61	-23,42	-23,3	-25,8	-24,3	NA	-21,4	NA	NA 	NA 	NA 	-21,58	-23,6	-23,14	-21,8	-22,4	NA	NA	NA	-24,2
1626	NA	NA	-20,8	-20,8	NA	-24,46	-23,64	-23,1	-25,1	-24,3	NA	-21,2	NA	NA 	NA 	NA 	-21,54	-23,3	-22,90	-21,0	-23,1	NA	NA	NA	-24,6
1627	NA	NA	-20,7	-20,8	NA	-23,86	-23,54	-23,6	-25,1	-24,5	NA	-21,2	NA	-24,25	-23,8	NA 	-21,91	-24,2	-23,93	-21,5	-22,5	NA	NA	NA	-25,1
1628	NA	NA	-20,4	-21,0	NA	-24,02	-23,55	-23,3	-25,0	-24,9	NA	-22,7	NA	-23,50	-23,9	NA 	-22,19	-24,3	-23,53	-21,4	-22,7	NA	NA	NA	-26,0
1629	NA	NA	-21,0	-20,4	NA	-23,83	-23,29	-23,0	-25,4	-24,4	NA	-22,8	NA	-24,27	-24,0	NA 	-21,85	-23,6	-23,48	-22,1	-21,9	NA	NA	NA	-25,4
1630	NA	NA	-20,7	-20,5	NA	-23,69	-22,94	-23,3	-25,7	-24,1	NA	-21,7	NA	-24,74	-23,3	NA 	-23,68	-22,9	-23,79	-21,8	-22,5	NA	NA	NA	-24,2
1631	NA	NA	-20,5	-20,4	NA	-23,77	-22,88	-23,0	-25,5	-23,8	NA	-21,8	NA	-24,64	-23,8	NA 	-21,55	-24,0	-23,86	-22,4	-21,8	NA	NA	NA	-22,8
1632	NA	NA	-20,7	-20,8	NA	-24,18	-24,09	-23,6	-25,8	-24,4	NA	-21,1	NA	-24,03	-23,6	NA 	-21,07	-23,4	-24,06	-21,7	-23,2	NA	NA	NA	-25,2
1633	NA	NA	-21,4	-20,2	NA	-24,76	-23,42	-23,3	-25,5	-24,2	NA	-22,1	NA	-24,18	-23,5	NA 	-22,19	-22,5	-23,81	-20,8	-23,5	NA	NA	NA	-25,4
1634	NA	NA	-20,9	-21,4	NA	-23,72	-22,42	-23,1	-25,0	-25,2	NA	-21,8	NA	-22,54	-23,5	NA 	-21,87	-24,3	-24,30	-21,8	-22,3	NA	NA	NA	-25,5
1635	NA	NA	-20,8	-20,9	NA	-24,26	-22,91	-23,9	-25,1	-24,3	NA	-21,9	NA	-23,01	-23,8	NA 	-21,44	-23,5	-23,93	-21,6	-23,9	NA	NA	NA	-24,9
1636	NA	NA	-21,3	-21,0	NA	-24,08	-22,86	-23,4	-24,8	-23,3	NA	-21,6	NA	-24,11	-23,5	NA 	-21,34	-22,3	-24,43	-21,5	-22,7	NA	NA	NA	-25,5
1637	NA	-23,9	-20,8	-20,7	NA	-24,04	-23,54	-23,9	-24,6	-23,3	NA	-21,1	NA	-24,05	-22,6	NA 	-20,97	-22,6	-23,77	-21,8	-21,5	NA	NA	NA	-23,7
1638	NA	-24,2	-21,0	-21,1	NA	-24,19	-22,49	-23,1	-25,0	-23,5	NA	-22,5	NA	-24,18	-21,9	NA 	-21,21	-23,5	-23,29	-21,9	-22,1	NA	NA	NA	-24,4
1639	NA	-23,9	-21,0	-20,8	NA	-24,36	NA	-23,3	-24,5	-24,6	NA	-22,0	NA	-24,12	-23,8	NA 	-21,74	-22,3	-23,14	-21,8	-23,0	NA	NA	NA	-24,2
1640	NA	-24,1	-20,9	-20,7	NA	-24,53	-22,82	-23,0	-24,7	-25,0	NA	-22,2	NA	-24,22	-23,0	NA 	-21,73	-23,4	-24,19	-21,8	-22,1	NA	NA	NA	-25,2
1641	NA	-23,4	-21,1	-21,0	NA	-24,03	-23,07	-23,6	-25,5	-24,6	NA	-21,3	NA	-23,84	-21,6	NA 	-21,48	-23,1	-24,26	-22,1	-22,8	NA	NA	NA	-24,4
1642	NA	-24,1	-20,9	-20,4	NA	-24,10	-23,53	-23,5	-24,7	-24,0	NA	-21,9	NA	-23,00	-22,7	NA 	-21,05	-23,1	-23,73	-21,2	-22,6	NA	NA	NA	-24,9
1643	NA	-23,5	-21,1	-20,4	NA	-23,72	-22,69	-23,3	-25,5	-25,0	NA	-21,2	NA	-24,41	-22,8	NA 	-20,92	-23,4	-24,63	-21,8	-21,9	NA	NA	NA	-25,3
1644	NA	-23,9	-21,3	-20,9	NA	-24,18	-23,18	-23,4	-25,6	-24,3	NA	-21,5	NA	-23,35	-23,4	NA 	-21,03	-22,8	-23,66	-22,2	-22,3	NA	NA	NA	-25,2
1645	NA	-23,8	-20,9	-20,7	NA	-23,88	-23,42	-23,6	-25,0	-24,2	NA	-21,8	NA	-23,87	-23,3	NA 	-21,04	-22,6	-23,72	-21,7	-22,6	NA	NA	NA	-24,7
1646	NA	-23,4	-20,8	-20,9	NA	-24,18	-23,28	-23,6	-24,9	-24,7	NA	-21,8	NA	-24,46	-23,8	NA 	-20,98	-22,6	-23,47	-21,8	-22,4	NA	NA	NA	-25,8
1647	NA	-23,6	-20,4	-20,8	NA	-23,78	-23,20	-23,7	-25,2	-25,5	NA	-21,1	NA	-23,86	-23,5	NA 	-21,40	-24,0	-23,42	-22,3	-22,2	NA	NA	NA	-25,3
1648	NA	-24,5	-20,3	NA	NA	-23,88	-23,29	-23,1	-24,6	-25,5	NA	-21,3	NA	-24,54	-23,1	NA 	-21,41	-24,4	-23,87	-21,7	-22,7	NA	NA	NA	-26,3
1649	NA	-23,9	-20,9	-20,9	NA	-24,06	-22,31	-23,1	-24,9	-25,0	NA	-20,9	NA	-24,77	-23,7	NA 	-22,23	-24,5	-23,29	-22,0	-22,6	NA	NA	NA	-24,6
1650	NA	-24,1	-20,5	NA	NA	-24,02	-22,58	-23,5	-24,7	-25,1	NA	-21,9	NA	-25,12	-23,4	NA 	-21,58	-23,5	-23,75	-21,8	-23,4	NA	NA	NA	-25,0
1651	NA	-24,4	-20,5	-20,9	NA	-23,96	-23,02	-23,4	-24,7	-24,4	NA	-21,9	NA	-24,75	-23,6	NA 	-21,13	-23,4	-23,41	-21,7	-23,2	NA	NA	NA	-24,8
1652	NA	-24,7	-21,0	-20,7	NA	-23,91	-23,42	-23,0	-24,7	-23,5	NA	-22,2	NA	-24,94	-23,9	NA 	-22,43	-23,4	-23,76	-22,4	-22,5	NA	NA	NA	-25,4
1653	NA	-24,5	-20,7	-21,0	NA	-24,19	-23,06	-23,4	-25,0	-23,7	NA	-21,8	NA	-24,34	-23,1	NA 	-22,83	-23,9	-23,71	-22,1	-21,8	NA	NA	NA	-24,7
1654	NA	-24,5	-20,5	-20,9	NA	-23,93	-22,96	-23,1	-24,8	-23,5	NA	-21,3	NA	-24,12	-22,4	NA 	-22,37	-23,3	-23,94	-21,9	-22,4	NA	NA	NA	-24,4
1655	NA	-24,3	-20,6	-21,0	NA	-23,93	-23,07	-22,9	-24,4	-24,6	NA	-21,7	NA	-23,68	-23,0	NA 	-20,96	-23,8	-24,00	-21,5	-22,8	NA	NA	NA	-25,5
1656	NA	-24,2	-20,8	-21,1	NA	-23,73	-23,58	-23,2	-25,0	-24,8	NA	-21,6	NA	-24,63	-23,2	NA 	-21,29	-24,0	-23,62	-22,1	-22,3	NA	NA	NA	-24,8
1657	NA	-24,3	-20,9	-21,0	NA	-23,81	-23,37	-23,3	-25,1	-24,8	NA	-22,4	NA	-24,02	-22,8	NA 	-22,09	-23,4	-23,60	-21,6	-22,1	NA	NA	NA	-24,6
1658	NA	-24,1	-20,8	-21,0	NA	-24,15	-23,62	-23,0	-24,5	-24,6	NA	-21,2	NA	-24,57	-23,5	NA 	-21,47	-23,1	-23,65	-21,4	-23,0	NA	NA	NA	-24,8
1659	NA	-23,8	-20,7	-21,0	NA	-24,24	-23,69	-22,8	-25,2	-24,5	NA	-21,1	NA	-23,93	-22,6	NA 	-22,25	-23,5	-23,71	-21,3	-22,1	NA	NA	NA	-24,9
1660	NA	-24,7	-20,6	NA	NA	-24,08	-23,31	-22,9	-24,2	-24,7	NA	-21,0	NA	-24,12	-22,9	NA 	-21,38	-23,7	-23,63	-21,6	-22,1	NA	NA	NA	-25,0
1661	NA	-24,4	-20,7	-20,8	NA	-24,37	-22,85	-23,1	-24,7	-24,6	NA	-22,1	NA	-25,00	-23,0	NA 	-21,81	-23,9	-23,57	-22,1	-21,7	NA	NA	NA	-25,1
1662	NA	-23,6	-20,8	-20,7	NA	-24,31	-24,02	-23,5	-25,0	-24,7	NA	-21,4	NA	-23,70	-23,0	NA 	-21,75	-23,0	-23,59	-21,4	-23,1	NA	NA	NA	-24,7
1663	NA	-24,3	-20,8	-20,7	NA	-24,00	-23,03	-23,1	-25,2	-26,0	NA	-22,2	NA	-24,16	-22,5	NA 	-21,90	-23,7	-24,04	-21,7	-22,5	NA	NA	NA	-24,9
1664	NA	-24,6	-20,4	NA	NA	-23,82	-22,47	-22,5	-24,4	-25,1	NA	-21,4	NA	-23,63	-22,8	NA 	-21,70	-23,4	-24,53	-21,2	-22,5	NA	NA	NA	-25,3
1665	NA	-24,3	-21,6	-21,1	NA	-23,96	-22,69	-22,3	-24,1	-24,8	NA	-21,8	NA	-24,93	-22,2	NA 	-21,41	-23,7	-23,68	-21,5	-22,6	NA	NA	NA	-24,8
1666	NA	-24,8	-20,4	-20,7	NA	-23,91	-24,04	-22,8	-24,5	-24,0	NA	-23,4	NA	-24,57	-22,4	NA 	-22,34	-23,2	-23,67	-22,0	-21,5	NA	NA	NA	-25,3
1667	NA	-24,5	-20,3	-20,6	NA	-23,90	-22,76	-23,0	-25,1	-24,5	NA	-22,2	NA	-23,77	-23,0	NA 	-22,31	-24,4	-23,83	-21,8	-22,9	NA	NA	NA	-24,2
1668	NA	-24,7	-20,5	-20,7	NA	-23,80	-23,35	-23,7	-24,3	-25,3	NA	-21,7	NA	-24,21	-22,8	NA 	-22,32	-23,4	-24,13	-21,4	-23,5	NA	NA	NA	-25,7
1669	NA	-24,0	-20,5	-21,0	NA	-23,94	-23,68	-23,7	-25,0	-23,2	NA	-21,0	NA	-23,94	-22,5	NA 	-21,76	-22,5	-23,63	-22,1	-22,0	NA	NA	NA	-24,8
1670	NA	-23,5	-20,7	-21,1	NA	-24,28	-23,70	-22,6	-24,8	-24,8	NA	-21,4	NA	-24,33	-23,0	NA 	-21,65	-23,3	-23,21	-22,1	-21,9	NA	NA	NA	-24,7
1671	NA	-24,7	-20,1	-20,5	NA	-23,94	-23,12	-22,7	-24,7	-24,5	NA	-21,4	NA	-24,39	-23,1	NA 	-21,42	-23,7	-24,32	-21,3	-22,2	NA	NA	NA	-25,9
1672	NA	-24,1	-20,7	-20,8	NA	-24,61	-23,16	-23,3	-24,8	-24,2	NA	-21,8	NA	-24,23	-23,5	NA 	-22,21	-23,8	-24,25	-21,5	-23,1	NA	NA	NA	-26,3
1673	NA	-24,3	-20,2	-20,8	NA	-24,21	-23,23	-22,7	-24,9	-24,9	NA	-21,4	NA	-24,62	-23,5	NA 	-21,68	-23,7	-23,71	-21,3	-22,9	NA	NA	NA	-25,7
1674	NA	-23,8	-21,0	-21,0	NA	-24,06	-23,14	-22,9	-24,9	-24,6	NA	-21,0	NA	-24,83	-22,6	NA 	-21,59	-23,4	-24,02	-21,1	-22,6	NA	NA	NA	-25,4
1675	NA	-24,0	-20,6	-21,0	NA	-24,05	-23,09	-22,6	-25,4	-24,8	NA	-21,9	NA	-24,37	-23,1	NA 	-22,11	-24,1	-24,00	-22,0	-22,4	-22,5	NA	NA	-26,1
1676	NA	-24,5	-20,9	-20,8	NA	-23,92	-22,44	-22,3	-25,0	-23,9	NA	-22,1	NA	-24,64	-22,4	NA 	-22,02	-23,3	-23,95	-22,1	-22,2	-22,7	NA	NA	-25,3
1677	NA	-24,3	-20,8	-20,7	NA	-23,90	-22,71	-22,9	-24,9	-24,3	NA	-21,7	NA	-24,87	-23,6	NA 	-21,69	-23,2	-23,45	-22,0	-22,8	-22,8	NA	NA	-26,1
1678	NA	-24,1	-20,9	-20,9	NA	-24,55	-23,54	-23,7	-24,9	-24,9	NA	-21,2	NA	-24,15	-23,2	NA 	-20,80	-24,1	-23,68	-21,7	-22,6	-22,0	NA	NA	-26,5
1679	NA	-23,7	-20,7	-20,8	NA	-24,02	-22,73	-23,4	-24,7	-24,1	NA	-21,9	NA	-24,80	-23,4	NA 	-21,32	-24,3	-23,64	-21,6	-22,9	-22,6	NA	NA	-25,5
1680	NA	-24,3	-20,6	-20,4	NA	-24,06	-23,21	-23,5	-25,4	-24,2	NA	-20,7	NA	-25,09	-23,8	NA 	-22,36	-23,6	-23,60	-21,0	-23,0	-22,6	NA	NA	-25,8
1681	NA	-24,2	-20,8	-20,9	NA	-24,34	-23,74	-23,6	-25,3	-24,8	NA	-21,0	NA	-25,12	-23,2	NA 	-21,42	-23,2	-23,75	-21,8	-21,9	-22,2	NA	NA	-25,9
1682	NA	-24,7	-20,6	-20,8	NA	-23,70	-23,72	-23,8	-25,1	-24,5	NA	-21,2	NA	-25,78	-23,4	NA 	-21,78	-23,2	-23,69	-21,6	-23,1	-22,5	NA	NA	-26,0
1683	NA	-24,6	-20,4	-20,5	NA	-23,68	-23,16	-23,5	-24,9	-24,3	NA	-20,8	NA	-25,62	-23,4	NA 	-20,96	-22,9	-23,65	-21,4	-23,0	-22,5	NA	NA	-25,7
1684	NA	-24,3	-20,7	-20,2	NA	-24,26	-22,77	-22,3	-24,9	-23,8	NA	-22,3	NA	-24,73	-23,4	NA 	-22,10	-23,6	-23,18	-21,7	-20,9	-22,4	NA	NA	-24,2
1685	NA	-24,5	-20,7	NA	NA	-24,17	-24,37	-23,3	-24,9	-24,3	NA	-24,4	NA	-25,26	-23,7	NA 	-21,98	-24,0	-23,40	-21,7	-22,1	-22,0	NA	NA	-26,3
1686	NA	-24,9	-20,3	-21,1	NA	-23,97	-23,67	-23,0	-24,9	-25,0	NA	-22,9	NA	-25,04	-22,9	NA 	-21,37	-22,3	-23,48	-21,5	-23,0	-22,2	NA	NA	-25,9
1687	NA	-24,6	-20,4	-20,8	NA	-23,93	-23,14	-23,2	-24,7	-23,7	NA	-21,2	NA	-25,54	-24,1	NA 	-21,11	-23,6	-23,55	-21,3	-22,3	-22,6	NA	NA	-24,7
1688	NA	-24,8	-20,9	-20,6	NA	-24,03	-23,44	-23,4	-24,9	-25,1	NA	-20,9	NA	-25,47	-23,9	NA 	-21,18	-23,5	-23,83	-21,9	-22,5	-22,5	NA	NA	-25,4
1689	NA	-24,9	-20,5	-20,7	NA	-24,40	-22,33	-22,7	-23,7	-24,5	NA	-21,3	NA	-24,97	-23,4	NA 	-22,13	-23,2	-23,40	-22,0	-23,3	-22,9	NA	NA	-25,2
1690	NA	-25,5	-20,4	-21,0	NA	-24,85	-21,82	-22,9	-24,3	-24,6	NA	-21,9	NA	-24,83	-23,6	NA 	-22,21	-24,4	-23,53	-22,2	-21,3	-23,1	NA	NA	-25,5
1691	NA	-25,0	-21,1	-22,0	NA	-24,20	-23,67	-22,8	-24,0	-24,7	NA	-21,6	NA	-24,84	-23,4	NA 	-21,87	-23,7	-23,78	-22,1	-20,9	-22,4	NA	NA	-25,6
1692	NA	-24,9	-21,0	-21,1	NA	-24,61	-23,17	-22,8	-23,9	-24,6	NA	-22,0	NA	-24,30	-22,9	NA 	-22,11	-24,4	-24,19	-22,0	-21,9	-23,0	NA	NA	-25,6
1693	NA	-24,8	-20,5	-21,2	NA	-24,39	-22,87	-23,5	-24,0	-24,3	NA	-21,9	NA	-24,91	-22,8	NA 	-22,17	-24,0	-24,05	-22,1	-21,0	-22,7	NA	NA	-26,3
1694	NA	-23,8	-19,9	-20,9	NA	-23,88	-23,69	-23,1	-24,7	-25,1	NA	-20,6	NA	-25,68	-22,7	NA 	-21,03	-24,0	-23,75	-21,5	-22,1	-22,4	NA	NA	-25,2
1695	NA	-23,3	-20,5	-21,3	NA	-24,67	-23,92	-22,9	-25,1	-25,5	NA	-22,0	NA	-24,80	-22,8	NA 	-21,51	-23,9	-23,37	-21,4	-22,9	-22,7	NA	NA	-25,7
1696	NA	-23,7	-20,2	-21,0	NA	-24,05	-24,03	-22,9	-24,9	-24,8	NA	-21,2	NA	-25,07	-22,9	NA 	-21,23	-23,7	-23,11	-21,1	-22,2	-22,6	NA	NA	-26,0
1697	NA	-24,0	-20,6	-21,2	NA	-24,31	-22,87	-22,5	-24,4	-25,2	NA	-21,9	NA	-24,56	-22,9	NA 	-21,75	-23,6	-24,01	-21,9	-21,4	-23,0	NA	NA	-25,8
1698	NA	-23,8	-21,2	-21,1	NA	-24,20	-23,51	-22,7	-24,0	-25,1	NA	-22,4	NA	-24,80	-23,2	NA 	-21,77	-23,5	-23,67	-21,8	-21,7	-22,9	NA	NA	-25,9
1699	NA	-24,6	-20,8	-21,1	NA	-24,29	-23,60	-23,3	-24,2	-24,7	NA	-23,4	NA	-24,95	-23,0	NA 	-21,77	-23,9	-23,58	-21,9	-22,5	-22,3	NA	NA	NA
1700	NA	-23,1	-20,6	-20,1	NA	-23,99	-23,66	-23,4	-24,3	-24,5	NA	-21,4	NA	-24,44	-23,0	NA 	-20,97	-23,7	-23,60	-22,0	-21,9	-22,6	NA	NA	-25,4
1701	NA	-24,3	-20,6	-21,0	NA	-23,97	-23,46	-23,6	-25,2	-25,1	NA	-22,1	NA	-23,99	-23,4	NA 	-21,30	-23,4	-23,40	-21,5	-22,0	-22,7	NA	NA	-25,0
1702	NA	-24,7	-20,2	-21,2	NA	-24,12	-23,63	-22,8	-24,7	-24,2	NA	-21,2	NA	-24,97	-23,0	NA 	-21,06	-23,5	-23,20	-21,5	-21,3	-22,7	NA	NA	-25,2
1703	NA	-23,2	-20,5	-20,8	NA	-23,03	-22,86	-22,7	-24,9	-25,5	NA	-21,1	NA	-24,35	-23,3	NA 	-21,86	-23,7	-23,01	-21,7	-22,2	-22,5	NA	NA	-26,5
1704	NA	-24,2	-20,8	-20,9	NA	-24,12	-23,89	-23,3	-25,5	-24,2	NA	-21,6	NA	-23,76	-22,4	NA 	-21,78	-22,8	-23,50	-21,7	-22,3	-22,2	NA	NA	-24,6
1705	NA	-23,6	-20,3	-20,4	NA	-24,20	-24,14	-23,0	-25,5	-24,5	NA	-21,8	NA	-24,21	-22,9	NA 	-21,03	-23,5	-23,59	-21,5	-22,1	-22,3	NA	NA	-24,0
1706	NA	-23,9	-20,1	-20,5	NA	-24,08	-23,70	-23,1	-25,4	-24,3	NA	-21,4	NA	-23,96	-22,9	NA 	-21,07	-23,1	-24,19	-22,6	-21,8	-22,7	NA	NA	-25,2
1707	NA	-23,6	-20,6	NA	NA	-23,72	-23,18	-22,8	-24,3	-24,2	NA	-22,3	NA	-24,04	-22,6	NA 	-21,72	-23,1	-24,01	-22,2	-21,5	-22,3	NA	NA	-24,8
1708	NA	-24,2	-20,9	-20,7	NA	-24,28	-23,18	-23,2	-25,2	-25,7	NA	-22,5	NA	-24,51	-22,8	NA 	-21,58	-23,6	-24,34	-21,4	-22,2	-22,7	NA	NA	-25,5
1709	NA	-24,6	-21,0	NA	NA	-24,66	-22,55	-22,4	-24,6	-25,7	NA	-22,2	NA	-24,57	-22,5	NA 	-22,06	-23,2	-23,77	-21,7	-22,0	-23,0	NA	NA	-26,1
1710	NA	-24,8	-20,4	NA	NA	NA	-23,06	-22,7	-24,3	-24,2	NA	-22,2	NA	-24,46	-22,8	NA 	-22,27	-23,3	-23,70	-21,2	-21,9	-22,5	NA	NA	-26,4
1711	NA	-24,5	-20,6	NA	NA	NA	-22,83	-22,7	-23,9	-25,5	NA	-21,8	NA	-23,61	-22,5	NA 	-21,90	-23,8	-23,56	-21,7	-22,0	-22,3	NA	NA	-26,1
1712	NA	-24,9	-20,5	NA	NA	NA	-23,57	-23,0	-24,4	-25,0	NA	-21,1	NA	-23,11	-22,3	NA 	-20,71	-23,9	-23,67	-23,4	-21,5	-22,4	NA	NA	-26,2
1713	NA	-24,8	-20,5	NA	NA	NA	-23,22	-23,1	-24,5	-25,0	NA	-22,3	NA	-23,93	-22,7	NA 	-21,18	-24,6	-23,23	-20,7	-23,1	-22,6	NA	NA	-25,6
1714	NA	-24,5	-21,4	NA	NA	NA	-22,54	-23,0	-25,1	-25,7	NA	NA	NA	-24,05	-23,0	NA 	-21,41	-24,4	-23,45	-21,9	-22,3	-22,6	NA	NA	-24,8
1715	NA	-24,7	-20,9	NA	NA	NA	-23,06	-22,9	-24,8	-24,6	NA	NA	NA	-24,20	-23,3	NA 	-21,02	-24,2	-23,38	-21,6	-23,2	-23,1	NA	NA	-25,7
1716	NA	-24,3	-20,2	-21,3	NA	NA	-23,56	-23,0	-25,6	-24,4	NA	NA	NA	-24,99	-23,8	NA 	-20,34	-24,7	-23,25	-22,2	-23,0	-22,7	NA	NA	-25,3
1717	NA	-24,3	-20,4	-21,1	NA	NA	-23,77	-23,2	-25,5	-23,6	NA	NA	NA	-24,13	-23,1	NA 	-20,35	-24,0	-22,99	-21,7	-23,1	-22,5	NA	NA	-25,2
1718	NA	-24,7	-20,3	-21,1	NA	NA	-23,59	-23,0	-25,0	-23,9	NA	-21,6	NA	-23,85	-22,8	NA 	-20,97	-23,2	-23,72	-21,1	-23,3	-22,5	NA	NA	-25,2
1719	NA	-24,3	-20,4	-20,7	NA	NA	-22,55	-23,1	-25,0	-24,2	NA	-21,4	NA	-23,45	-23,0	NA 	-21,32	-23,2	-23,44	-21,6	-22,0	-21,8	NA	NA	-25,5
1720	NA	-24,5	-20,5	-20,6	NA	NA	-23,40	-23,4	-24,6	-23,6	NA	-22,2	NA	-24,24	-23,1	NA 	-21,67	-22,5	-23,73	-21,2	-22,1	-23,3	NA	NA	-25,8
1721	NA	-24,5	-20,9	-20,5	NA	NA	-23,49	-23,4	-24,3	-24,0	NA	-23,0	NA	-24,15	-23,5	NA 	-22,30	-23,9	-24,19	-22,0	-22,2	-23,2	NA	NA	-25,7
1722	NA	-24,3	-20,3	-20,5	NA	NA	-23,99	-23,2	-24,2	-24,5	NA	-21,6	NA	-24,39	-23,1	NA 	-21,87	-24,5	-24,09	-21,1	-23,2	-22,9	NA	NA	-25,9
1723	NA	-24,2	-21,3	-20,8	NA	NA	-24,11	-23,4	-24,9	-24,2	NA	-22,1	NA	-24,84	-23,5	NA 	-21,89	-24,9	-23,22	-21,6	-23,1	-22,3	NA	NA	-25,1
1724	NA	-24,1	-20,5	-20,8	NA	NA	-24,18	-23,6	-25,1	-24,1	NA	-21,5	NA	-24,55	-23,5	NA 	-22,08	-24,4	-23,77	-21,4	-22,0	-22,1	NA	NA	-25,6
1725	NA	-24,1	-20,4	-20,3	NA	NA	-24,01	-23,3	-25,1	-23,8	NA	-21,7	NA	-24,51	-23,2	NA 	-21,91	-24,4	-23,42	-21,0	-22,9	-22,9	NA	NA	-25,6
1726	NA	-24,4	-20,9	-20,7	NA	NA	-23,20	-23,1	-25,1	-23,9	NA	-21,1	NA	-23,93	-22,9	NA 	-21,44	-23,8	-23,52	-21,7	-21,7	-22,3	NA	NA	-26,3
1727	NA	-24,9	-21,2	-20,9	NA	NA	-22,70	-23,5	-25,0	-23,8	NA	-22,1	NA	-24,07	-23,2	NA 	-21,32	-23,1	-23,66	-21,8	-21,8	-22,6	NA	NA	-25,6
1728	NA	-24,4	-20,9	-20,7	NA	NA	-23,31	-23,6	-25,0	-24,2	NA	-21,3	NA	-24,43	-23,5	NA 	-21,19	-23,3	-23,28	-22,0	-21,9	-22,9	NA	NA	-26,4
1729	NA	-24,2	-20,1	-20,4	NA	NA	-23,55	-23,0	-24,3	-24,3	NA	-20,7	NA	-24,94	-23,7	NA 	-21,06	-23,6	-23,14	-21,9	-22,7	-22,5	NA	NA	-25,5
1730	NA	-25,0	-20,6	-20,7	NA	NA	-23,07	-22,6	-24,1	-23,9	NA	-21,5	NA	-25,37	-23,5	NA 	-21,56	-23,9	NA	-22,3	-22,2	-22,5	NA	NA	-26,2
1731	NA	-24,1	-20,9	-20,8	NA	NA	-23,63	-23,7	-24,8	-23,8	NA	-21,2	NA	-24,30	-22,9	NA 	-21,89	-24,3	NA	-21,6	-22,8	-22,8	NA	NA	-25,6
1732	NA	-24,3	-20,3	-20,5	NA	NA	-23,35	-23,3	-24,2	-24,3	NA	-22,2	NA	-25,06	-23,0	NA 	-21,82	-23,3	NA	-21,8	-23,1	-22,7	NA	NA	-25,5
1733	NA	-24,2	-20,6	NA	NA	NA	-23,25	-22,9	-24,5	-23,6	NA	-22,1	NA	-24,63	-22,9	NA 	-21,31	-23,3	NA	-21,8	-22,8	-21,8	NA	NA	-25,2
1734	NA	-24,7	-20,5	-20,7	NA	NA	-23,53	-22,8	-25,3	-24,9	NA	-21,3	NA	-25,32	-23,2	NA 	-21,73	-24,3	NA	-21,8	-22,7	-22,0	NA	NA	-25,0
1735	NA	-24,5	-20,8	-19,6	NA	NA	-23,52	-23,0	-24,5	-24,4	NA	-21,6	NA	-24,72	-23,1	NA 	-21,89	-22,9	NA	-21,4	-22,1	-22,6	NA	NA	NA
1736	NA	-24,9	-20,7	-20,2	NA	NA	-23,19	-23,2	-24,8	-24,1	NA	-21,7	NA	-24,83	-22,8	NA 	-21,54	-23,9	NA	-23,1	-22,8	-22,6	NA	NA	-24,9
1737	NA	-24,6	-21,1	NA	NA	NA	-23,44	-23,4	-25,1	-24,7	NA	-21,7	NA	-24,70	-22,7	NA 	-21,51	-23,5	NA	-21,8	-22,6	-23,1	NA	NA	-24,7
1738	NA	-24,2	-20,2	-19,8	NA	NA	-22,71	-22,4	-24,0	-24,2	NA	-20,6	NA	-24,77	-22,6	NA 	-20,90	-24,0	NA	-21,8	-21,8	-22,4	NA	NA	-25,4
1739	NA	-23,7	-20,4	-19,7	NA	NA	-22,59	-22,7	-24,0	-24,2	NA	-21,2	NA	-24,92	-23,2	NA 	-21,62	-23,8	NA	-21,9	-21,9	-22,3	NA	NA	-25,4
1740	NA	-24,0	-20,6	-20,2	NA	NA	-22,90	-22,8	-24,2	-23,6	NA	-21,6	NA	-25,23	-23,4	NA 	-21,90	-24,6	NA	-21,8	-22,2	-23,0	NA	NA	-24,5
1741	NA	-23,4	-20,3	-20,2	NA	NA	-22,38	-22,9	-24,4	-23,9	NA	-21,3	NA	-25,09	-23,5	NA 	-21,47	-23,6	NA	-22,2	-22,9	-22,6	NA	NA	-24,6
1742	NA	-23,9	-20,6	-20,1	NA	NA	-23,16	-23,0	-24,5	-25,1	NA	-25,6	NA	-25,32	-23,7	NA 	-21,83	-23,5	NA	-22,0	-22,9	-22,6	NA	NA	-26,1
1743	NA	-23,5	-21,1	-20,8	NA	NA	-22,81	-23,3	-24,7	-25,3	NA	-22,0	NA	-24,92	-23,5	NA 	-21,82	-22,8	NA	-22,0	-22,7	-23,1	NA	NA	-26,0
1744	NA	-23,5	-20,5	-20,3	NA	NA	-22,92	-23,2	-24,1	-24,9	NA	-22,2	NA	-24,65	-23,5	NA 	-21,79	-23,8	NA	-22,2	-23,1	-22,6	NA	NA	-26,1
1745	NA	-23,8	-20,2	-20,5	NA	NA	-23,31	-23,1	-24,5	-25,6	NA	-22,0	NA	-24,69	-23,1	NA 	-21,68	-24,2	NA	-21,7	-22,7	-22,9	NA	NA	-26,0
1746	NA	-23,8	-20,8	-20,8	NA	NA	-23,35	-23,3	-24,3	-23,9	NA	-21,4	NA	-24,19	-23,1	NA 	-21,45	-23,2	NA	-21,9	-22,8	-22,5	NA	NA	-26,1
1747	NA	-23,7	-21,1	NA	NA	NA	-23,59	-23,3	-24,9	-24,6	NA	-22,5	NA	-25,03	-23,3	NA 	-22,09	-22,8	NA	-22,8	-22,5	-22,9	NA	NA	-25,5
1748	NA	-23,6	-20,6	NA	NA	NA	-23,07	-23,4	-24,9	-24,5	NA	-22,2	NA	-24,71	-23,4	NA 	-21,85	-25,0	NA	-22,4	-21,6	-22,9	NA	NA	-25,8
1749	NA	-23,7	-20,4	NA	NA	NA	-23,94	-23,2	-24,2	-23,8	NA	-23,2	-25,9	-24,37	-23,5	NA 	-21,79	-22,6	NA	-22,7	-22,5	-22,9	NA	NA	-25,0
1750	NA	-24,2	-20,5	NA	NA	NA	-23,43	-23,2	-23,5	-23,9	NA	-22,0	-26,4	-24,81	-23,5	NA 	-22,07	-23,2	NA	-22,1	-23,1	-23,3	NA	NA	-25,6
1751	NA	-24,1	-19,6	-20,4	NA	NA	-23,78	-23,3	-23,6	-23,1	NA	-21,8	-26,6	-24,75	-24,3	NA 	-21,14	-23,6	-23,66	-20,9	-23,1	-22,9	NA	NA	-25,6
1752	NA	-24,2	-20,6	-20,4	NA	NA	-22,89	-22,6	-23,8	-24,4	NA	-22,2	-25,4	-24,34	-24,2	NA 	-22,21	-23,5	-23,49	-23,4	-22,3	-23,2	NA	NA	-25,6
1753	NA	-24,2	-20,5	-20,3	NA	NA	-23,29	-23,4	-24,5	-23,4	NA	-21,3	-27,0	-24,07	-23,9	NA 	-22,09	-23,4	-22,90	-22,3	-22,9	-22,8	NA	NA	-25,7
1754	NA	-24,1	-20,5	-20,6	NA	NA	-23,90	-23,0	-24,6	-24,7	NA	-21,7	-25,1	-24,32	-23,8	NA 	-21,86	-23,5	-22,74	-22,5	-22,7	-22,9	NA	NA	-25,4
1755	NA	-24,5	-20,7	-20,7	NA	NA	-23,24	-22,7	-23,9	-23,1	NA	-21,7	-26,5	-25,58	-23,5	NA 	-21,80	-22,8	-23,03	-21,4	-21,8	-22,7	NA	NA	-25,9
1756	NA	-24,5	-20,8	-20,3	NA	NA	-22,83	-22,5	-24,5	-23,6	NA	-22,5	-25,1	-25,80	-23,4	NA 	-21,48	-23,7	-23,92	-21,4	-22,0	-23,0	NA	NA	-26,1
1757	NA	-23,6	-20,8	-20,4	NA	NA	-22,80	-22,8	-24,6	-24,7	NA	-21,9	-25,7	-23,41	-23,7	NA 	-21,68	-23,2	-23,10	-21,6	-22,2	-22,6	NA	NA	-24,6
1758	NA	-24,9	-20,3	-20,6	NA	NA	-23,74	-23,5	-24,7	-24,8	NA	-22,6	-26,5	-23,20	-23,6	NA 	-21,23	-23,4	-23,90	-21,9	-22,4	-23,2	NA	NA	-26,0
1759	NA	-24,5	-20,1	-20,4	NA	NA	-22,86	-23,1	-24,2	-26,0	NA	-21,6	-24,4	-20,46	-23,3	NA 	-21,46	-23,9	-23,38	-22,0	-22,4	-22,7	NA	NA	-25,7
1760	NA	-24,2	-20,2	-20,5	NA	NA	-22,89	-23,2	-23,9	-24,3	NA	-21,9	-25,2	-20,74	-23,1	NA 	-21,28	-22,5	-23,49	-21,4	-22,5	-22,7	NA	NA	-25,3
1761	NA	-23,9	-20,1	-20,4	NA	NA	-22,87	-22,6	-23,5	-25,1	NA	-21,5	-25,4	-21,79	-22,9	NA 	-21,23	-22,0	-23,98	-21,9	-22,1	-22,5	NA	NA	-24,8
1762	NA	-23,7	-20,3	-20,9	NA	NA	-23,48	-22,9	-23,9	-25,7	NA	-21,7	-26,0	-23,86	-23,6	NA 	-21,57	-22,7	-23,15	-21,6	-21,5	-22,8	NA	NA	-24,9
1763	NA	-24,1	-20,4	-20,8	NA	NA	-23,06	-22,9	-24,2	-24,6	NA	-22,0	-25,6	-24,22	-23,5	NA 	-21,63	-23,4	-23,69	-21,9	-22,0	-22,9	NA	-22,9	-25,7
1764	NA	-24,0	-20,7	-20,5	NA	NA	-23,08	-22,9	-24,8	-24,7	NA	-21,7	-26,3	-25,46	-23,0	NA 	-22,05	-22,7	-23,13	-21,6	-22,3	-22,8	NA	-22,4	-25,9
1765	NA	-24,3	-21,1	-20,7	NA	NA	-24,07	-22,9	-24,7	-25,9	NA	-22,1	-25,5	-25,13	-23,4	NA 	-22,26	-23,2	-23,65	-21,9	-22,6	-23,2	NA	-22,1	-25,1
1766	NA	-24,3	-20,3	-20,4	NA	NA	-23,12	-22,8	-24,2	-25,0	NA	-21,8	-25,5	-25,71	-23,1	NA 	-21,77	-22,5	-23,72	-22,0	-22,4	-23,2	NA	-23,4	-26,7
1767	NA	-24,3	-20,6	-20,2	NA	NA	-23,95	-23,6	-25,0	-24,8	NA	-21,5	-24,9	-25,76	-23,1	NA 	-21,76	-24,0	-23,79	-21,8	-22,4	-22,7	NA	NA	-25,5
1768	NA	-24,7	-20,3	-20,5	NA	NA	-23,51	-23,8	-25,0	-25,2	NA	-22,5	-25,2	-24,96	-23,1	NA 	-21,80	-22,8	-23,49	-21,4	-22,0	-23,6	NA	-23,5	-26,1
1769	NA	-24,4	-20,5	-20,2	NA	NA	-23,57	-23,5	-24,9	-24,6	NA	-21,6	-25,1	-25,36	-23,3	NA 	-21,62	-23,4	-23,47	-24,0	-22,3	-23,6	NA	-23,3	-25,4
1770	NA	-24,2	-20,1	-20,5	NA	NA	-23,21	-23,5	-24,2	-24,6	NA	-21,7	-24,6	-25,58	-23,5	NA 	-21,84	-23,5	-24,18	-21,9	-22,7	-23,4	NA	-23,4	-25,6
1771	NA	-23,9	-20,5	-20,5	NA	NA	-23,51	-23,4	-24,1	-24,8	NA	-21,1	-26,4	-25,46	-23,5	NA 	-21,48	-23,4	-23,74	-21,8	-22,2	-23,2	NA	-23,8	-25,9
1772	NA	-23,6	-20,6	-20,7	NA	NA	-24,18	-23,2	-23,7	-24,5	NA	-22,0	-26,0	-25,51	-23,6	NA 	-22,02	-22,8	-22,87	-22,5	-22,7	-22,8	NA	-23,5	-25,4
1773	NA	-24,2	-20,2	-20,7	NA	NA	-23,43	-23,4	-24,0	-24,9	NA	-21,9	-26,0	-25,34	-23,6	NA 	-22,22	-23,1	-22,80	-22,7	-22,7	-22,7	NA	-24,2	-26,3
1774	NA	-24,9	-20,5	-21,2	NA	NA	-23,31	-23,0	-24,8	-24,9	NA	-22,0	-25,1	-25,75	-23,3	NA 	-21,53	-23,1	-23,09	-21,8	-22,8	-22,5	NA	-23,8	-26,1
1775	NA	-24,4	-20,7	-21,1	NA	NA	-22,79	-23,4	-24,2	-24,3	NA	-21,5	-24,9	-25,46	-23,2	NA 	-21,99	-22,6	-23,35	-22,7	-22,8	-23,0	NA	-23,0	-25,8
1776	NA	-24,3	-20,6	-21,3	-24,9	NA	-22,63	-23,3	-24,6	-25,0	NA	-21,0	-25,2	-25,63	-23,4	NA 	-21,66	-23,0	-23,42	-22,8	-22,1	-23,3	NA	-23,7	-26,0
1777	NA	-24,7	-20,8	-20,9	-24,6	NA	-23,75	-23,7	-24,7	-25,1	NA	-21,3	-25,2	-25,28	-23,6	NA 	-21,78	-22,9	-23,92	-21,8	-23,2	-23,2	NA	-23,2	-26,4
1778	NA	-24,7	-20,7	-21,1	-23,5	NA	-23,53	-23,7	-25,1	-24,2	NA	-20,8	-26,5	-24,94	-24,0	NA 	-21,45	-22,4	-23,70	-22,1	-22,8	-23,2	NA	-21,5	-26,0
1779	NA	-24,3	-21,0	-21,0	-24,8	NA	-22,79	-23,1	-24,2	-23,9	NA	-21,8	-26,1	-25,02	-23,8	NA 	-21,79	-23,2	-24,28	-22,3	-22,4	-23,2	NA	NA 	-25,7
1780	NA	-25,3	-20,3	-20,8	-23,9	NA	-23,02	-23,4	-24,4	-25,3	NA	-21,4	-25,5	-25,46	-23,4	NA 	-21,57	-23,2	-23,67	-21,7	-22,4	-22,7	NA	-22,5	-25,2
1781	NA	-24,5	-21,3	-20,9	-23,1	NA	-22,96	-23,5	-24,3	-25,5	NA	-22,1	-25,7	-25,39	-23,6	NA 	-22,23	-23,9	-24,02	-22,3	-22,4	-22,6	NA	-22,8	-25,9
1782	NA	-24,2	-20,4	-20,3	-23,5	NA	-24,12	-23,4	-24,4	-23,9	NA	-22,0	-26,3	-25,78	-23,4	NA 	-21,42	-23,7	-24,18	-21,2	-22,7	-23,1	NA	-23,9	-26,2
1783	NA	-23,8	-20,8	-21,0	-23,2	NA	-22,84	-23,0	-24,5	-24,1	NA	-21,6	-25,5	-25,34	-23,3	NA 	-22,10	-22,9	-24,13	-22,1	-22,5	-23,4	NA	-22,2	-25,6
1784	NA	-23,8	-21,1	-21,2	-23,7	NA	-23,04	-23,7	-24,1	-24,7	NA	-22,0	-25,8	-25,32	-23,3	NA 	-22,53	-23,4	-24,79	-21,7	-22,7	-23,3	NA	-23,4	-26,9
1785	NA	-23,8	-20,9	NA	-24,7	NA	-22,56	-23,4	-24,3	-24,3	NA	-22,2	-25,8	-24,86	-23,9	NA 	-22,26	-23,7	-24,28	-21,7	-23,3	-23,7	NA	-22,7	-25,3
1786	NA	-24,2	-21,2	-21,2	-25,1	NA	-23,43	-23,2	-24,1	-25,0	NA	-22,0	-25,6	-25,11	-23,7	NA 	-21,77	-23,1	-23,81	-22,1	-23,3	-23,4	NA	-22,6	NA
1787	NA	-25,1	-21,0	-21,1	-24,5	NA	-23,96	-24,3	-24,8	-25,0	NA	-22,4	-25,2	-25,43	-24,1	NA 	-21,61	-23,3	-24,48	-21,5	-23,1	-23,7	NA	-23,4	-26,4
1788	NA	-25,4	-20,9	-20,6	-23,9	NA	-23,21	-24,0	-24,2	-24,4	NA	-21,8	-25,8	-25,66	-23,1	NA 	-22,29	-23,7	-24,26	-22,2	-22,1	-23,2	NA	-22,4	-26,5
1789	NA	-24,6	-21,0	-20,6	-24,1	NA	-23,12	-22,7	-23,7	-24,6	NA	-21,5	-26,0	-25,67	-23,5	NA 	-21,70	-23,2	-24,63	-21,7	-21,7	-22,6	NA	-22,2	-25,8
1790	NA	-24,2	-21,3	-20,6	-24,7	NA	-23,86	-23,7	-25,0	-24,2	NA	-21,8	-26,3	-25,84	-23,1	NA 	-21,13	-22,8	-24,32	-22,6	-22,4	-23,7	NA	-22,1	-26,2
1791	NA	-24,1	-21,1	-21,1	-23,3	NA	-23,46	-23,5	-24,6	-24,4	NA	-21,4	-26,0	-25,67	-23,1	NA 	-21,78	-23,1	-24,21	-23,0	-22,2	-24,1	NA	-21,5	-25,3
1792	NA	-23,8	-21,4	-20,9	-24,4	NA	-23,07	-23,5	-24,3	-24,4	NA	-22,1	-25,7	-25,33	-23,8	NA 	-22,22	-23,2	-24,27	-22,0	-22,3	-23,2	NA	-22,5	-25,4
1793	NA	-23,9	-20,7	NA	-22,8	NA	-23,39	-23,4	-24,8	-24,5	NA	-21,5	-26,0	-24,95	-23,7	NA 	-21,77	-23,1	-24,16	-22,1	-23,0	-23,6	NA	-21,6	-25,1
1794	NA	-24,4	-20,9	-20,9	-22,4	NA	-24,11	-23,6	-25,0	-24,8	NA	-22,1	-25,7	-25,17	-22,8	NA 	-22,57	-22,1	-24,15	-22,2	-22,3	-23,2	NA	-22,0	-25,4
1795	NA	-24,2	-21,2	NA	-24,2	NA	-24,03	-23,7	-24,7	-25,8	NA	-22,4	-25,9	-25,33	-23,5	NA 	-22,60	-23,7	-24,50	-23,0	-23,0	-23,2	NA	-22,5	-26,6
1796	NA	-24,4	-20,3	NA	-25,4	NA	-23,97	-23,1	-23,9	-24,8	NA	-21,7	-26,0	-25,48	-23,4	NA 	-22,34	-23,1	-24,11	-21,6	-22,9	-23,8	NA	-21,3	-24,9
1797	NA	-24,2	-20,5	-21,3	-24,7	NA	-23,80	-23,6	-24,8	-24,3	NA	-21,8	-26,7	-25,44	-22,8	NA 	-21,78	-21,7	-24,18	-22,0	-22,6	-23,1	NA	-23,0	-26,3
1798	NA	-24,3	-21,2	-20,8	-23,8	NA	-23,23	-23,0	-24,4	-25,1	NA	-22,0	-27,0	-25,21	-23,0	NA 	-21,96	-22,9	-23,92	-22,5	-22,9	-23,5	NA	-21,8	-25,6
1799	NA	-24,4	-21,0	-20,3	-23,7	NA	-23,65	-23,8	-24,2	-24,8	NA	-21,9	-27,3	-25,32	-24,0	NA 	-21,44	-23,6	-24,25	-22,0	-23,1	-23,8	NA	-23,0	-25,6
1800	NA	-24,1	-21,5	NA	-23,3	NA	-23,45	-24,2	-25,0	-25,2	NA	-22,7	-26,2	-24,97	-23,6	NA 	-22,14	-22,5	-24,17	-22,1	-22,6	-23,7	NA	-22,1	-24,1
1801	NA	-24,0	-21,2	NA	-23,6	NA	-22,89	-23,4	-24,6	-25,0	NA	-22,7	-26,3	-25,44	-23,8	NA 	-22,45	-23,7	-23,91	-21,5	-23,0	NA	NA	-22,3	-25,7
1802	NA	-24,5	-20,8	NA	-22,9	NA	-23,65	-23,8	-24,8	-23,5	NA	-21,3	-26,1	-24,91	-23,7	NA 	-21,67	-23,2	-23,94	-21,1	-23,1	-23,3	NA	-21,9	-25,2
1803	NA	-23,3	-21,4	-21,2	-24,0	NA	-22,46	-23,8	-24,7	-24,7	NA	-23,8	-25,9	-24,98	-23,7	NA 	-22,02	-23,7	-23,54	-23,1	-22,6	-23,3	NA	-21,7	-24,6
1804	NA	-23,3	-20,9	-21,0	-23,3	NA	-24,49	-23,6	-23,8	-25,0	NA	-21,8	-26,0	-25,72	-23,7	NA 	-22,17	-23,6	-24,22	-22,0	-23,0	-23,2	NA	-22,3	-25,1
1805	NA	-24,1	-20,4	-20,7	-23,7	NA	-22,95	-24,0	-24,3	-25,1	NA	-21,9	-26,5	-25,59	-24,0	NA 	-22,55	-23,8	-23,89	-22,1	-23,5	-23,8	NA	-23,2	-25,0
1806	NA	-24,1	-20,9	-20,6	-23,8	NA	-23,89	-24,1	-24,7	-24,2	NA	-21,8	-26,5	-25,63	-23,4	NA 	-21,97	-23,7	-24,39	-22,0	-23,6	-23,3	NA	-22,2	-25,2
1807	NA	-24,2	-20,9	-20,3	-23,2	NA	-24,09	-23,8	-24,5	-24,0	NA	-22,3	-26,1	-25,19	-23,3	NA 	-21,61	-23,1	-24,01	-22,1	-22,0	-23,3	NA	-21,6	-24,2
1808	NA	-24,5	-20,9	NA	-24,2	NA	-24,02	-23,7	-24,5	-24,5	NA	-23,0	-25,7	-24,70	-23,7	NA 	-21,77	-22,9	-23,85	-21,8	-22,6	-23,0	NA	-22,2	-25,6
1809	NA	-24,6	-21,2	-20,6	-24,3	NA	-23,71	-23,6	-25,0	-25,1	NA	-22,8	-25,2	-25,64	-23,2	NA 	-22,81	-23,4	-24,85	-21,6	-22,3	-23,5	NA	-22,5	-25,1
1810	NA	-24,4	-21,3	-20,9	-22,8	NA	-24,06	-23,7	-25,1	-24,5	NA	-22,3	-26,4	-24,12	-23,5	NA 	-22,39	-23,9	-23,77	-22,3	-22,9	-23,8	NA	-21,4	-24,8
1811	NA	-24,4	-20,8	-20,6	-21,1	NA	-23,79	-23,2	-24,9	-22,7	NA	-22,5	-25,6	-24,93	-22,7	NA 	-22,43	-23,3	-24,08	-22,7	-21,9	-23,2	NA	-22,3	-25,3
1812	NA	-24,5	-20,5	-20,2	-23,5	NA	-23,44	-23,7	-25,0	-24,6	NA	-21,6	-26,6	-25,32	-23,4	NA 	-21,83	-24,1	-24,24	-22,5	-23,3	-23,6	NA	-22,2	-25,6
1813	NA	-24,6	-20,8	-20,3	-24,1	NA	-23,52	-23,6	-24,2	-24,2	-25,4	-22,3	-26,5	-25,55	-23,4	NA 	-22,33	-23,2	-23,78	-22,5	-23,3	-23,3	NA	-22,4	-25,3
1814	NA	-23,9	-21,7	NA	-23,5	NA	-23,44	-23,6	-23,7	-24,4	-25,3	-23,2	-25,9	-25,38	-23,3	NA 	-22,17	-23,3	-23,75	-22,2	-22,2	-23,2	NA	-22,1	-24,2
1815	NA	-23,9	-20,8	-20,8	-23,8	NA	-22,94	-23,9	-24,0	-25,2	-25,0	-22,2	-26,2	-25,00	-23,9	NA 	-22,03	-23,5	-23,63	-22,3	-23,1	-23,4	NA	-22,0	-24,4
1816	NA	-23,3	-21,0	-21,2	-24,2	NA	-23,05	-23,1	-23,6	-24,0	-25,8	-22,5	-26,7	-25,16	-23,4	-23,59	-22,45	-23,0	-23,93	-21,6	-22,9	-23,7	NA	-23,3	-25,0
1817	NA	-23,9	-20,8	-21,1	-23,9	NA	-24,01	-23,6	-24,1	-24,3	-25,4	-21,2	-26,9	-25,55	-23,1	-23,43	-21,84	-22,9	-24,45	-21,6	-23,0	-23,1	NA	-23,1	-25,7
1818	NA	-23,8	-20,9	-20,8	-22,5	NA	-24,12	-23,3	-24,3	-24,8	-25,5	-21,6	-26,6	-24,39	-23,3	-23,02	-21,93	-22,6	-23,89	-21,9	-23,5	-23,0	NA	-21,5	-23,9
1819	NA	-24,2	-20,7	-20,6	-22,8	NA	-22,69	-23,4	-24,0	-23,8	-24,6	-23,5	-26,0	-24,62	-22,9	-23,23	-22,34	-23,2	-23,96	-22,1	-23,1	-23,2	NA	-22,6	-24,8
1820	NA	-24,1	-20,9	-21,0	-23,5	NA	-23,24	-23,6	-24,1	-25,2	-23,8	-22,4	-26,5	-24,05	-23,5	-23,58	-22,23	-22,9	-24,33	-21,4	-23,9	-23,2	NA	-22,8	-25,5
1821	NA	-24,4	-20,7	-21,0	-22,9	NA	-23,40	-24,1	-24,4	-25,3	-24,8	-21,9	-26,7	-24,42	-23,1	-23,64	-21,97	-23,5	-24,06	-21,9	-23,8	-23,3	NA	-23,1	-24,9
1822	NA	-24,1	-20,4	-20,8	-22,1	NA	-23,41	-23,7	-25,2	-23,7	-24,2	-21,7	-26,6	-24,19	-22,9	-23,10	-21,95	-21,7	-24,11	-21,7	-23,4	-22,8	NA	-22,2	-24,9
1823	NA	-24,1	-20,5	-20,4	-22,8	NA	-23,68	-23,2	-23,9	-24,9	-23,0	-21,3	-27,0	-24,94	-23,3	-23,22	-22,35	-23,4	-24,07	-21,8	-23,7	-23,3	NA	-23,1	-24,8
1824	NA	-24,2	-20,4	-20,6	-23,5	NA	-22,95	-23,8	-24,2	-26,3	-23,8	-21,3	-26,7	-24,53	-23,4	-23,18	-20,65	-23,6	-24,25	-22,4	-23,9	-23,0	NA	-23,1	-24,7
1825	NA	NA	-21,3	-20,5	-21,8	NA	-23,15	-23,6	-24,9	-25,0	-23,6	-22,6	-25,4	-24,31	-23,9	-23,09	-22,99	-23,3	-23,82	-22,0	-23,4	-23,0	NA	-22,1	-23,9
1826	NA	-24,3	-21,3	-20,4	-21,9	NA	-22,73	-23,1	-23,4	-24,7	-24,5	-22,7	-24,8	-24,78	-23,2	-22,93	-22,55	-23,1	-24,33	-22,4	-23,0	-23,0	NA	-22,3	-24,4
1827	NA	-24,4	-21,2	-20,7	-22,9	NA	-23,63	-23,7	-24,2	-25,6	-24,7	-22,0	-26,2	-23,62	-23,2	-22,79	-22,56	-23,2	-24,79	-22,4	-22,4	-23,0	NA	-22,5	-24,0
1828	NA	-24,3	-20,6	-20,3	-23,8	-22,94	-23,39	-23,5	-24,4	-25,2	-24,1	-22,3	-27,0	-25,11	-23,1	-23,30	-22,04	-23,8	-25,47	-22,0	-24,1	-23,6	NA	-22,5	-25,1
1829	NA	-24,4	-21,0	-20,4	-24,8	-24,53	-23,53	-22,9	-24,2	-24,2	-24,9	-24,0	-27,0	-24,61	-23,1	-23,13	-22,00	-23,7	-25,34	-22,3	-23,0	-23,7	NA	-23,1	-25,2
1830	NA	-24,7	-20,7	NA	-23,9	-24,02	-23,72	-23,6	-24,5	-25,0	-25,2	-21,8	-26,7	-24,06	-22,8	-23,37	-21,90	-22,6	-25,10	-22,0	-24,2	-23,6	NA	-23,2	-25,0
1831	NA	-23,9	-20,9	-21,0	-24,6	-24,21	-22,37	-22,9	-24,1	-25,2	-24,7	-21,8	-26,2	-24,84	-23,1	-23,02	-21,58	-23,7	-24,29	-22,0	-23,0	-22,8	NA	-22,2	-24,8
1832	NA	-23,4	-20,4	NA	-23,7	-23,69	-23,52	-23,6	-25,0	-24,2	-24,8	-21,1	-26,1	-24,87	-23,3	-23,24	-21,53	-22,9	-24,34	-21,9	-23,3	-22,2	NA	-22,4	-24,7
1833	NA	-23,9	-20,9	NA	-25,2	-24,36	-24,36	-23,4	-25,3	-25,1	-25,1	-22,2	-26,2	-24,52	-22,7	-23,06	-22,32	-23,2	-24,45	-22,4	-23,7	-23,2	NA	NA 	-24,4
1834	NA	-24,2	-20,9	NA	-22,7	-24,46	-23,04	-23,2	-25,0	-23,9	-25,2	-22,4	-26,3	-23,66	-22,7	-22,37	-22,59	-21,6	-24,62	-22,6	-23,3	-23,3	NA	-22,1	-24,1
1835	NA	-24,2	-20,8	NA	-21,0	-23,56	-23,22	-23,8	-24,6	-23,3	-25,4	-22,2	-26,2	-23,96	-22,8	-22,37	-22,28	-22,1	-23,87	-22,4	-23,1	-22,8	NA	-21,8	-23,7
1836	NA	-23,4	-20,4	NA	-22,5	-24,22	-22,75	-24,2	-24,9	-24,1	-24,8	-22,5	-26,6	-23,52	-23,0	-23,31	-21,55	-22,0	-24,30	-21,9	-24,5	-22,1	NA	-22,0	-24,8
1837	NA	-22,8	-20,6	NA	-23,8	-24,43	-23,20	-23,7	-25,3	-24,4	-23,4	-22,2	-26,7	-24,24	-22,6	-23,22	-21,76	-23,3	-24,59	-22,3	-24,2	-22,9	NA	-21,8	-25,2
1838	NA	-23,8	-20,6	NA	-23,7	-24,42	-22,91	-23,8	-24,6	-24,1	-24,5	-21,7	-27,1	-24,93	-22,9	-23,07	-22,11	-22,2	-24,85	-21,8	-23,3	-23,2	NA	-22,2	-25,6
1839	NA	-24,0	-20,5	NA	-24,6	-24,49	-23,19	-23,6	-24,7	-24,4	-25,1	-21,7	-27,3	-24,76	-22,9	-22,97	-21,29	-22,4	-24,72	-22,0	-23,6	-23,5	NA	-22,9	-26,3
1840	NA	-24,0	-20,6	NA	-24,2	-23,44	-23,17	-23,7	-24,1	-25,0	-25,0	-21,9	-26,2	-25,75	-22,9	-23,38	-22,06	-23,4	-24,90	-21,7	-23,3	-23,5	NA	-21,9	-25,1
1841	NA	-24,0	-20,8	NA	-24,1	-23,89	-23,68	-23,7	-24,3	-25,2	-25,0	-22,6	-26,8	-25,33	-22,3	-22,73	-22,36	-23,2	-25,26	-21,8	-23,7	-23,5	NA	-23,2	-25,6
1842	NA	-23,5	-20,7	NA	-23,8	-23,69	-22,95	-23,4	-24,3	-24,8	-23,6	-21,7	-26,4	-25,28	-23,1	-22,29	-21,86	-24,0	-24,84	-22,1	-22,6	-22,4	NA	-22,5	-25,5
1843	NA	-24,0	-21,0	NA	-23,1	-24,31	-23,62	-23,8	-24,7	-25,0	-23,9	-22,5	-26,1	-24,88	-23,4	-22,89	-22,45	-23,8	-24,87	-21,6	-23,0	-23,6	NA	-23,1	-24,9
1844	NA	-24,5	-20,5	NA	-24,1	-24,98	-23,33	-24,1	-24,5	-25,6	-25,4	-22,2	-26,3	-24,89	-23,2	-24,03	-22,04	-23,5	-24,76	-21,5	-23,6	-23,6	NA	-21,9	-24,2
1845	NA	-24,2	-21,2	NA	-22,8	-24,66	-23,23	-23,6	-23,9	-26,1	-25,0	-23,0	-26,3	-23,89	-23,2	-22,95	-22,36	-23,3	-25,03	-21,9	-24,1	-23,5	NA	-23,2	-25,6
1846	NA	-24,0	-20,5	NA	-23,4	-23,50	-23,33	-23,5	-24,2	-25,3	-25,0	-22,4	-26,8	-23,07	-21,6	-22,68	-21,21	-23,6	-24,79	-21,6	-24,3	-22,7	NA	-22,3	-24,2
1847	NA	-23,8	-20,6	NA	-22,4	-24,07	-23,91	-23,6	-24,2	-25,3	-24,6	-22,2	-26,3	-23,36	-22,7	-22,78	-22,12	-23,8	-24,94	-22,4	-23,4	-23,2	NA	-22,6	-24,8
1848	NA	-24,4	-20,7	NA	-23,2	-24,40	-23,27	-23,8	-24,7	-26,0	-24,5	-22,3	-26,5	-25,25	-22,6	-23,16	-22,08	-23,7	-24,82	-21,5	-23,4	-23,5	NA	-23,2	-25,6
1849	NA	-24,3	-20,5	NA	-23,6	-24,10	-23,20	-23,3	-24,6	-25,8	-23,7	-22,5	-26,3	-24,70	-22,6	-23,48	-22,08	-24,1	-24,61	-21,6	-23,1	-22,8	NA	-22,8	-24,6
1850	NA	-23,9	-21,0	NA	-23,8	-23,81	-23,78	-23,2	-24,8	-26,2	-23,8	-22,9	-26,1	-26,09	-23,0	-22,86	-22,60	-23,6	-24,66	-22,1	-23,4	-23,3	-22,0	-23,0	-25,6
1851	NA	-24,4	-20,6	NA	-22,9	-23,79	-23,54	-23,4	-24,4	-24,9	-23,7	-22,3	-25,8	-24,71	-22,7	-23,33	-21,88	-23,9	-25,11	-22,3	-22,8	-23,3	-21,5	-22,8	-24,7
1852	NA	-24,7	-20,8	NA	-22,5	-23,67	-23,07	-23,7	-24,6	-24,8	-23,9	-22,7	-25,8	-25,70	-22,5	-23,20	-22,57	-23,8	-25,09	-22,0	-23,7	-23,1	-22,1	-23,0	-24,9
1853	NA	-24,3	-21,0	NA	-23,3	-23,98	-22,82	-23,5	-24,3	-25,2	-24,0	-22,0	-26,5	-24,62	-23,1	-23,23	-21,43	-23,7	-24,97	-21,7	-23,4	-23,1	-21,1	-23,7	-25,9
1854	NA	-24,7	-21,2	NA	-23,6	-23,54	-23,11	-23,2	-24,3	-25,8	-25,4	-21,4	-25,8	-25,17	-23,8	-23,73	-22,30	-23,6	-24,78	-21,9	-23,8	-23,7	-21,6	-22,7	-24,4
1855	NA	-24,3	-21,4	NA	-24,0	-24,16	-22,75	-23,4	-24,7	-25,2	-24,1	-22,1	-26,8	-24,90	-22,8	-23,85	-21,29	-23,8	-23,99	-21,9	-24,1	-23,4	-21,7	-22,8	-24,9
1856	NA	-24,4	-20,7	NA	-22,3	-24,12	-23,44	-23,8	-24,8	-25,3	-24,5	-22,1	-25,8	-24,63	-23,4	-24,36	-21,67	-23,6	-24,46	-21,9	-24,3	-23,2	-21,5	-23,0	-25,1
1857	NA	-24,4	-20,8	NA	-22,8	-23,67	-24,18	-23,2	-24,7	-24,0	-23,9	-24,5	-26,3	-26,09	-23,0	-23,87	-22,19	-23,2	-24,19	-22,5	-23,6	-23,0	-21,6	-22,3	-24,6
1858	NA	-24,4	-20,7	NA	-21,8	-23,59	-22,82	-22,6	-24,1	-24,7	-23,6	-22,8	-25,9	-25,32	-23,0	-22,62	-21,53	-23,8	-24,26	-22,8	-24,2	-23,4	-23,0	-22,1	-24,9
1859	NA	-24,9	-20,7	NA	-23,1	-23,80	-22,92	-23,6	-24,6	-24,3	-23,8	-21,6	-25,7	-24,85	-22,9	-23,56	-21,71	-23,4	-24,06	-22,6	-24,0	-23,2	-21,5	-22,1	-24,6
1860	NA	-24,2	-21,0	NA	-22,5	-24,34	-23,52	-23,7	-24,2	-24,9	-24,2	-22,4	-26,5	-26,30	-23,2	-23,55	-22,63	-23,3	-26,09	-21,9	-23,3	-23,5	-21,8	-23,1	-24,9
1861	NA	-24,6	-20,7	NA	-23,5	-24,53	-23,05	-23,3	-23,4	-25,4	-24,4	-21,8	-27,3	-22,59	-24,1	-23,14	-21,68	-23,0	-25,35	-21,2	-23,3	-22,8	-21,9	-22,5	-24,9
1862	NA	-24,7	-20,8	NA	-22,8	-24,19	-23,69	-23,8	-24,6	-25,8	-23,9	-21,3	-26,4	-23,68	-23,7	-23,67	-22,04	-22,9	-24,93	-22,3	-23,6	-22,9	-21,7	-22,8	-24,7
1863	NA	-24,4	-20,7	NA	-23,0	-23,65	-23,76	-23,5	-24,8	-24,3	-24,1	-21,4	-26,2	-24,27	-23,3	-23,48	-22,17	-22,1	-24,75	-22,0	-24,0	-23,3	-21,3	-22,2	-23,9
1864	NA	-23,9	-20,6	NA	-22,9	-23,94	-23,45	-22,9	-24,4	-25,1	-23,3	-21,4	-26,2	-24,99	-23,6	-23,73	-21,93	-24,0	-24,86	-22,1	-23,6	-23,0	-21,8	-22,0	-24,5
1865	NA	-23,8	-20,8	NA	-23,4	-23,83	-23,37	-23,2	-24,5	-25,9	-23,8	-22,6	-25,5	-25,79	-23,4	-22,74	-22,43	-22,5	-24,79	-22,1	-23,3	-23,2	-22,4	-22,2	-24,7
1866	NA	-24,6	-21,1	NA	-23,8	-24,26	-23,04	-23,4	-24,5	-25,8	-23,8	-22,4	-26,2	-26,70	-22,6	-22,95	-21,85	-23,1	-24,84	-21,8	-23,5	-23,4	-22,1	-23,3	-25,1
1867	NA	-24,4	-20,8	NA	-21,9	-24,28	-22,93	-23,4	-24,5	-26,8	-23,7	-21,9	-25,8	-25,65	-23,8	-23,42	-22,64	-23,0	-24,57	-22,0	-24,4	-23,3	-21,9	-23,0	-24,6
1868	NA	-23,9	-21,2	NA	-23,3	-24,34	-22,28	-23,1	-24,1	-26,1	-25,2	-21,6	-24,8	-25,33	-22,6	-22,28	-22,41	-22,6	-24,03	-23,1	-22,8	-23,4	-21,7	-22,5	-23,7
1869	NA	-24,3	-21,0	NA	-23,4	-24,35	-23,57	-23,5	-24,4	-26,0	-24,4	-22,0	-25,5	-27,76	-23,3	-23,39	-21,95	-22,1	-23,99	-21,8	-23,0	-23,6	-21,6	-23,4	-24,4
1870	NA	-23,8	-20,8	-20,8	-21,8	-22,82	-23,67	-23,5	-23,9	-26,8	-24,9	-22,0	-26,5	-27,53	-24,0	-23,39	-21,88	-23,8	-23,95	-22,2	-23,6	-22,8	-22,1	-22,4	-24,5
1871	NA	-24,2	-21,4	-20,7	-23,8	-24,33	-24,11	-23,7	-24,5	-27,6	-25,2	-22,1	-27,4	-26,64	-23,6	-23,47	-22,04	-23,3	-24,50	-22,3	-24,0	-23,6	-22,1	-23,1	-24,9
1872	NA	-24,4	-21,1	NA	-23,6	-24,20	-23,13	-23,5	-24,5	-27,2	-25,5	-22,1	-26,7	-26,14	-22,9	-23,22	-22,26	-23,1	-24,31	-22,0	-23,2	-23,0	-22,0	-23,6	-25,3
1873	NA	-24,3	-20,8	-20,5	-23,2	-24,18	-23,24	-23,3	-23,9	-26,2	-25,5	-21,6	-26,9	-27,27	-23,6	-23,17	-21,65	-24,1	-24,33	-21,6	-23,4	-22,8	-21,7	-23,1	-25,8
1874	NA	-24,0	-20,8	NA	-23,3	-22,88	-23,62	-23,3	-24,6	-26,7	-24,4	-22,0	-26,1	-24,83	-23,1	-23,34	-21,68	-24,5	-25,11	-22,4	-22,9	-22,8	-22,3	-22,7	-24,2
1875	NA	-24,3	-20,7	NA	-23,2	-24,71	-24,08	-23,0	-24,6	-27,3	-24,3	-22,5	-26,0	-25,55	-23,3	-23,25	-22,54	-24,2	-25,34	-22,1	-22,9	-23,8	-22,2	-23,2	-25,5
1876	NA	-23,9	-20,7	NA	-22,9	-23,76	-24,47	-23,5	-24,5	-26,7	-24,7	-21,9	-25,8	-25,61	-23,1	-23,35	-22,03	-23,9	-24,54	-22,7	-24,0	-22,5	-21,9	-23,1	-24,2
1877	NA	-23,8	-21,2	-20,7	-24,1	-23,94	-23,34	-24,0	-24,6	-27,6	-25,2	-22,8	-26,6	-25,89	-23,5	-23,32	-21,97	-24,1	-24,60	-21,9	-24,1	-23,5	-22,2	-23,0	-25,0
1878	NA	-24,0	-20,7	-21,2	-23,8	-24,56	-23,23	-24,2	-25,0	-26,6	-24,9	-22,4	-25,1	-25,96	-23,6	-23,37	-22,16	-25,0	-24,99	-22,4	-24,3	-23,2	-22,2	-23,1	-24,5
1879	NA	-23,8	-21,1	-21,1	-23,4	-24,03	-23,42	-23,4	-24,7	-26,9	-25,6	-22,0	-26,3	-26,63	-24,2	-23,48	-21,08	-25,2	-25,76	-21,6	-23,7	-23,2	-21,5	-24,0	-25,8
1880	NA	-23,8	-21,1	-20,9	-23,0	-24,00	-23,96	-22,6	-24,8	-27,1	-24,7	-22,5	-26,0	-25,06	-23,3	-23,28	-21,53	-25,0	-24,99	-22,3	-24,0	-23,6	-21,9	-23,6	-25,5
1881	NA	-23,6	-20,9	-20,9	-22,8	-23,83	-24,48	-23,5	-24,6	-26,8	-24,6	-21,8	-26,1	-25,46	-23,3	-23,16	-21,08	-24,1	-24,86	-21,7	-23,4	-22,8	-21,7	-23,3	-25,5
1882	NA	-23,6	-21,2	-20,5	-23,2	-24,33	-23,09	-23,4	-24,6	-26,4	-24,6	-22,2	-26,2	-26,66	-23,0	-23,08	-21,83	-24,5	-25,34	-22,4	-23,9	-23,1	-21,9	-23,6	-25,4
1883	NA	-24,3	-21,1	-20,0	-23,5	-24,62	-23,43	-23,3	-24,7	-26,7	-24,7	-22,6	-26,6	-24,67	-23,1	-23,56	-22,08	-24,9	-24,91	-22,4	-24,3	-23,9	-22,0	-23,3	-26,1
1884	NA	-24,0	-21,7	-20,7	-23,4	-24,03	-23,57	-23,6	-25,0	NA	-24,4	-22,0	-25,8	-25,93	-22,7	-23,15	-22,10	-24,9	-23,97	-22,9	-22,6	-23,7	-21,9	-23,0	-25,1
1885	NA	-23,1	-21,9	-21,0	-23,1	-24,38	-23,80	-22,9	-24,8	NA	-23,9	-22,8	-26,8	-25,56	-22,6	-23,56	-22,75	-25,3	-24,51	-22,0	-23,2	-23,4	-22,3	-22,7	-24,9
1886	NA	-23,2	-21,2	-21,0	-24,8	-24,48	-22,94	-23,3	-24,3	NA	-23,7	-22,7	-26,6	-25,45	-23,3	-23,23	-22,45	-24,2	-25,27	-22,2	-22,9	-23,5	-22,2	-23,1	-24,4
1887	NA	-23,5	-21,0	-20,9	-24,0	-24,01	-23,63	-23,4	-24,7	NA	-24,2	-23,1	-25,9	-26,66	-22,8	-22,96	-22,68	-25,4	-24,72	-22,4	-23,9	-23,2	-22,1	-23,1	-23,9
1888	NA	-24,0	-21,8	-20,9	-24,6	-23,81	-23,65	-23,6	-24,7	NA	-23,8	-23,7	-26,3	-26,26	-23,5	-23,49	-22,43	-24,9	-25,25	-22,5	-24,2	-23,9	-22,5	-23,9	-26,1
1889	NA	-24,1	-21,3	-21,0	-23,6	-24,18	-23,18	-23,1	-24,2	NA	-24,7	-22,7	-25,7	-26,21	-22,4	-22,84	-21,79	-24,8	-25,38	-22,2	-23,1	-23,9	-21,8	-23,6	-25,6
1890	NA	-23,7	-20,7	-21,0	-22,0	-24,06	-24,24	-23,4	-24,6	NA	-24,0	-22,0	-25,9	-26,18	-22,7	-23,26	-21,56	-24,8	-25,39	-22,2	-23,3	-24,0	-21,8	-23,5	-25,1
1891	NA	-23,6	-21,2	-21,1	-23,8	-23,63	-22,78	-23,0	-24,2	NA	-24,2	-22,3	-26,5	-26,67	-23,1	-23,53	-22,15	-24,6	-25,13	-22,0	-24,2	-23,9	-22,0	NA	-25,5
1892	NA	-24,0	-21,1	-20,9	-23,4	-23,46	-23,22	-23,9	-25,2	NA	-24,3	-22,4	-26,2	-25,86	-22,8	-23,17	-22,05	-25,1	-25,15	-22,3	-22,3	-23,9	-22,4	NA	-25,6
1893	NA	-23,8	-21,2	-21,2	-22,5	-24,14	-22,70	-23,1	-24,8	NA	-25,2	-22,1	-25,7	-26,49	-23,4	-23,46	-22,10	-25,1	-24,78	-22,8	-23,7	-23,7	-22,7	-23,0	-24,4
1894	NA	-23,7	-21,2	-21,0	-23,8	-23,50	-23,37	-23,3	-23,8	NA	-24,9	-22,1	-25,2	-25,92	-22,7	-23,42	-22,44	-25,6	-25,15	-22,2	-23,1	-23,6	-22,0	-23,8	-24,1
1895	NA	-24,0	-21,5	-21,0	-22,4	-23,56	-24,10	-23,8	-24,2	NA	-25,0	-21,9	-26,0	-26,81	-22,9	-23,23	-21,70	-25,1	-24,94	-22,2	-23,3	-23,1	-21,7	-23,1	-22,4
1896	NA	-23,8	-21,5	-20,7	-24,2	-23,50	-23,90	-23,3	-24,2	NA	-24,8	-22,6	-26,4	-25,41	-23,1	-23,21	-22,41	-24,3	-24,80	-22,4	-23,3	-23,3	-22,0	NA	-23,2
1897	NA	-23,8	-21,1	-20,2	-24,7	-23,54	-23,40	-23,4	-24,8	NA	-25,3	-22,2	-25,9	-24,73	-23,7	-23,17	-22,15	-24,0	-25,27	-22,5	-23,4	-23,3	-21,9	-23,8	-23,2
1898	NA	-23,3	-21,2	-20,6	-23,8	-23,25	-24,67	-23,8	-24,7	NA	-25,1	-21,6	-25,7	-25,68	-23,5	-23,74	-21,55	-24,4	-25,31	-22,2	-24,2	-23,2	-21,5	-23,1	-23,7
1899	NA	-23,3	-21,8	-20,5	-23,5	-23,60	-23,55	-24,0	-24,9	NA	-26,1	-22,3	-26,1	-25,70	-22,6	-23,58	-22,32	-24,6	-24,95	-22,9	-23,9	-23,3	-22,1	-22,4	-23,5
1900	NA	-23,3	-21,4	-20,8	-23,3	-23,67	-23,72	-24,0	-25,5	NA	-24,8	-21,7	-26,3	-26,20	-23,3	-22,98	-22,04	-24,7	-24,93	-22,9	-22,8	-23,5	-22,1	-23,2	-24,2
1901	-24,7	-24,1	-21,2	-20,9	-23,3	-23,72	-22,63	-23,4	-24,4	NA	-25,5	-23,0	-25,7	-27,63	-23,3	-23,19	-22,25	-23,6	-24,77	-23,0	-23,0	-23,6	-22,6	-23,3	-23,5
1902	-25,9	-24,3	-21,3	-20,8	-24,2	-22,92	-24,17	-23,9	-24,8	NA	-25,8	-23,0	-26,7	-28,47	-24,1	-24,26	-21,43	-24,7	-24,87	-22,2	-24,7	-23,8	-22,4	-23,7	-24,7
1903	-25,5	-23,6	-21,4	-21,0	-24,4	-23,92	-23,90	-23,6	-25,3	NA	-25,7	-22,7	-26,4	-25,27	-23,6	-23,56	-22,06	-24,1	-24,95	-22,2	-23,9	-23,3	-22,2	-23,4	-25,7
1904	-25,7	-23,7	-20,5	-20,7	-23,9	-23,66	-23,22	-23,9	-25,0	NA	-25,7	-21,6	-26,6	-24,13	-21,9	-23,81	-22,19	-24,1	-25,35	-22,9	-22,7	-23,2	-23,8	-23,2	-23,8
1905	-26,0	-23,4	-21,2	-20,9	-24,4	-23,78	-23,52	-24,0	-24,7	NA	-24,6	-22,8	-26,7	-26,19	-23,0	-23,44	-22,86	-24,0	-25,30	-22,9	-23,3	-23,6	-22,6	-23,5	-24,9
1906	-25,0	-23,4	-21,5	-20,9	-24,5	-24,70	-23,86	-24,0	-24,3	NA	-25,4	-22,3	-27,2	-25,84	-23,4	-23,32	-22,01	-24,6	-24,28	-22,8	-23,5	-23,5	-22,6	-23,1	-24,3
1907	-26,3	-23,2	-21,2	-20,9	-25,1	-24,57	-24,59	-24,4	-24,9	NA	-26,1	-23,5	-26,9	-25,27	-23,4	-23,90	-22,04	-23,7	-24,60	-22,1	-24,5	-23,6	-22,5	-23,5	-24,3
1908	-24,9	-24,3	-21,2	-20,5	-25,7	-25,39	-23,85	-24,4	-24,9	NA	-24,9	-22,8	-27,2	-25,06	-23,1	-24,05	-22,76	-24,8	-24,80	-22,3	-24,1	-23,7	-22,8	-23,4	-24,6
1909	-26,0	-24,2	-21,4	-20,8	-25,1	-23,45	-23,91	-24,9	-24,9	NA	-25,5	-22,8	-26,7	-25,76	-23,5	-23,88	-22,14	-23,8	-25,57	-22,2	-24,1	-23,9	-22,2	-23,5	-25,3
1910	-25,4	-24,0	-21,3	-20,7	-24,9	-23,87	-23,70	-24,6	-25,3	NA	-25,7	-23,3	-27,0	-27,49	-22,6	-24,04	-22,39	-25,7	-26,16	-22,4	-24,2	-23,7	-22,7	-23,7	-25,3
1911	-24,9	-24,2	-21,1	-20,6	-22,1	-24,46	-23,93	-24,3	-25,1	NA	-26,0	-22,3	-26,2	-26,52	-22,8	-23,18	-22,28	-25,6	-25,40	-22,7	-23,5	-22,8	-22,2	-22,4	-23,6
1912	-25,0	-24,2	-21,2	-20,7	-23,3	-24,56	-22,93	-23,4	-24,7	NA	-25,5	-23,6	-26,5	-27,03	-23,0	-23,18	-22,62	-24,6	-25,76	-22,1	-23,8	-23,6	-22,5	-23,4	-24,8
1913	-25,5	-23,8	-21,4	-21,1	-24,4	-25,05	-23,81	-23,5	-24,4	NA	-25,9	-22,7	-26,1	-25,64	-22,7	-23,96	-22,52	-24,3	-25,06	-22,8	-24,4	-23,9	-22,3	-23,3	-24,2
1914	-25,2	-24,2	-21,2	NA	-24,1	-24,65	-23,35	-23,9	-24,8	NA	-26,7	-22,9	-26,3	-27,13	-24,3	-23,54	-23,04	-25,1	-25,69	-22,6	-23,1	-24,0	-22,4	-23,1	-24,5
1915	-26,4	-24,4	-21,1	-21,2	-23,5	-25,01	-24,43	-24,0	-25,0	NA	-26,0	-22,8	-27,0	-27,20	-23,5	-23,69	-22,67	-24,9	-26,03	-23,0	-23,3	-23,7	-22,2	-23,1	-25,2
1916	-26,3	-24,0	-21,3	-21,0	-24,2	-23,89	-23,95	-24,5	-25,1	NA	-26,5	-23,2	-26,5	-25,72	-23,6	-24,57	-22,86	-25,4	-25,56	-22,4	-24,6	-24,6	-21,8	-23,7	-25,7
1917	-24,8	-24,1	-20,7	-21,0	-23,5	-24,50	-23,90	-24,4	-24,9	NA	-25,5	-22,7	-26,5	-25,02	-24,1	-23,55	-22,53	-23,5	-25,78	-22,6	-23,5	-24,0	-22,2	-23,3	-25,7
1918	-25,7	-23,4	-21,2	-20,8	-24,2	-24,87	-24,33	-24,5	-24,6	NA	-25,5	-21,9	-26,4	-25,83	-22,8	-23,64	-22,37	-24,6	-25,17	-22,6	-24,5	-23,3	-22,6	-22,9	-25,1
1919	-24,9	-23,5	-21,6	-20,8	-23,6	-23,24	-23,86	-23,8	-24,5	NA	-24,8	-23,2	-26,7	-25,53	-24,0	-23,87	-22,76	-25,7	-25,60	-22,5	-24,3	-23,7	-23,2	-22,9	-25,3
1920	-25,6	-24,1	-21,6	NA	-23,6	-24,88	-24,22	-23,8	-24,5	NA	-25,9	-22,6	-27,4	-26,16	-24,2	-23,29	-22,77	-25,2	-25,70	-22,5	-23,6	-23,7	-22,9	-23,6	-25,9
1921	-24,7	-23,6	-21,3	NA	-23,6	-24,27	-24,18	-24,0	-24,6	NA	-26,7	-22,4	-25,4	-25,05	-24,7	-23,08	-22,26	-25,3	-24,89	-23,0	-23,0	-23,6	-22,5	-22,4	-24,3
1922	-25,9	-23,9	-21,4	-20,9	-24,0	-24,78	-24,24	-24,3	-24,2	NA	-25,8	-22,9	-26,9	-26,31	-24,6	-23,80	-22,13	-24,2	-26,06	-22,1	-24,0	-23,9	-22,5	-23,4	-26,2
1923	-25,9	-23,8	-21,0	-21,2	-23,2	-24,60	-24,77	-24,5	-24,7	NA	-24,5	-22,4	-26,9	-26,38	-24,7	-24,00	-22,27	-24,5	-25,63	-22,4	-24,3	-24,0	-22,1	-22,8	-25,1
1924	-24,8	-24,0	-21,1	-20,9	-23,1	-24,20	-24,26	-23,7	-24,2	NA	-25,9	-22,5	-27,0	-26,13	-25,0	-23,62	-22,09	-25,1	-25,51	-22,5	-24,2	-24,7	-22,3	-23,4	-26,1
1925	-25,3	-23,9	-21,7	-20,8	-24,1	-25,08	-23,38	-23,0	-24,4	NA	-26,3	-23,4	-25,5	-25,81	-24,7	-23,64	-23,21	-25,2	-25,17	-22,5	-24,8	-24,2	-22,9	-23,3	-25,8
1926	-24,9	-24,0	-21,2		-24,5	-23,94	-23,41	-23,7	-24,7	NA	-25,7	-22,3	-25,8	-25,90	-24,4	-23,31	-22,35	-24,6	-24,97	-23,0	-24,3	-24,3	-22,4	-23,4	-25,5
1927	-26,1	-24,8	-21,3	-20,6	-23,7	-24,28	-23,31	-23,5	-24,0	NA	-26,4	-23,1	-26,1	-25,75	-23,2	-23,62	-22,65	-24,6	-25,66	-22,0	-24,2	-24,3	-23,2	-23,8	-25,8
1928	-25,8	-24,0	-21,6	-20,6	-22,9	-25,05	-24,59	-24,6	-25,1	NA	-25,5	-22,3	-25,9	-24,30	-23,8	-24,07	-21,38	-24,9	-24,59	-22,1	-23,8	-23,7	-22,2	-23,1	-23,9
1929	-25,3	-23,7	-22,2	-20,7	-23,7	-25,17	-24,29	-24,4	-24,9	NA	-24,9	-22,4	-25,9	-25,23	-24,3	-23,82	-22,64	-24,3	-25,12	-22,6	-24,0	-23,8	-22,7	-22,7	-24,4
1930	-25,5	-25,0	-21,7	-20,5	-23,3	-24,39	-23,72	-23,7	-24,2	NA	-25,2	-23,3	-26,4	-25,06	-23,2	-24,03	-22,47	-24,1	-25,57	-22,5	-24,2	-24,4	-22,5	-23,4	-25,6
1931	-27,0	-24,5	-21,9	-20,6	-23,4	-23,72	-24,59	-23,6	-24,6	NA	-24,0	-23,8	-26,3	-26,26	-23,6	-23,77	NA	-25,1	-25,33	-22,0	-23,2	-24,3	-22,3	-23,7	-25,5
1932	-27,2	-24,3	-21,8	-20,2	-23,2	-23,06	-24,02	-23,7	-24,8	NA	-25,2	-23,5	-26,3	-26,26	-23,3	-23,54	-22,77	-24,0	-25,03	-22,5	-23,9	-24,4	-22,2	-23,7	-25,6
1933	-26,0	-23,5	-20,9	-20,6	-23,6	-23,72	-24,08	-24,0	-24,2	NA	-25,2	-22,4	-25,7	-27,19	-24,2	-23,95	-22,35	-25,1	-24,44	-22,7	-24,4	-23,6	-21,8	-22,4	-24,0
1934	-24,8	-23,6	-21,2	-20,1	-23,5	-25,29	-24,16	-24,0	-24,2	NA	-24,9	-22,5	-26,8	-27,46	-24,4	-23,34	-22,14	-24,7	-24,88	-22,5	-23,8	-23,5	-22,0	-22,6	-23,5
1935	-26,2	-23,7	-21,5	-20,7	-23,2	-24,41	-24,33	-24,3	-24,8	NA	-24,8	-22,4	-26,0	-26,56	-23,9	-23,87	-22,06	-24,4	-25,32	-22,4	-24,6	-23,3	-22,5	-23,0	-25,8
1936	-25,1	-23,3	-21,3	-20,9	-23,5	-24,03	-24,05	-24,0	-24,6	NA	-25,2	-23,4	-27,1	-27,14	-23,9	-23,74	-22,32	-24,8	-24,91	-22,5	-24,0	-23,8	-22,8	-23,5	-24,5
1937	-26,0	-24,7	-21,1	-20,5	-24,3	-25,66	-23,61	-23,8	-23,6	NA	-25,5	-22,3	-25,9	-27,35	-24,1	-23,26	-22,27	-24,9	-25,53	-22,8	-23,3	-23,5	-22,4	-23,3	-24,1
1938	-25,2	-24,0	-21,4	NA	-23,7	-24,77	-24,02	-23,8	-24,4	NA	-26,0	-22,4	-25,2	-27,94	-23,8	-23,44	-21,99	-24,0	-25,05	-22,8	-23,6	-23,2	-22,1	-23,0	-23,1
1939	-24,3	-24,8	-22,0	NA	-23,7	-24,81	-23,86	-23,8	-24,4	NA	-26,1	-23,2	-25,4	-27,92	-23,1	-23,42	-22,60	-23,6	-24,82	-22,5	-23,4	-24,0	-22,3	-23,2	-24,0
1940	-25,5	-24,1	-21,8	-20,9	-25,0	-24,90	-23,73	-24,0	-24,9	NA	-24,7	-23,1	-26,2	-26,14	-23,7	-23,80	-22,95	-25,2	-25,28	-22,9	-24,1	-23,5	-22,4	-22,9	-24,5
1941	-24,6	-23,4	-21,9	NA	-26,0	-24,14	-23,40	-23,8	-24,2	NA	-25,1	-22,9	-26,7	-27,16	-23,6	-23,57	-22,46	-24,3	-24,64	-22,5	-24,4	-23,9	-21,2	-23,4	-25,2
1942	-25,2	-23,8	-21,4	NA	-24,3	-23,93	-24,10	-24,3	-24,5	NA	-25,7	-22,8	-26,4	-27,04	-23,5	-23,28	-21,74	-23,8	-24,71	-22,6	-23,5	-23,9	-21,8	-23,2	-24,1
1943	-25,6	-23,1	-21,2	-25,3	-23,4	-24,66	-24,17	-24,5	-25,1	NA	-25,8	-22,9	-26,0	-26,86	-23,1	-23,73	-22,28	-24,9	-25,07	-22,2	-24,3	-23,7	-22,4	-22,7	-24,2
1944	-25,1	-23,0	-22,3	NA	-23,8	-24,27	-23,59	-24,3	-24,8	NA	-24,8	-23,2	-25,7	-26,77	-23,2	-23,46	-22,32	-24,9	-25,29	-22,4	-23,8	-24,0	-22,7	-22,6	-24,2
1945	-25,5	-23,5	-21,8	NA	-24,0	-23,78	-23,51	-24,1	-24,2	NA	-26,0	-22,9	-25,7	-26,83	-23,3	-23,61	-21,82	-24,0	-25,21	-22,2	-24,6	-23,6	-22,8	-22,6	-24,4
1946	-24,6	-24,1	-21,3	-20,6	-24,6	-24,60	-23,88	-23,8	-24,6	NA	-25,0	-22,5	-25,9	-26,88	-22,6	-23,57	-21,67	-24,4	-25,13	-22,0	-22,8	-23,7	-22,5	-22,9	-24,5
1947	-24,5	-23,8	-21,0	-20,2	-23,7	-24,22	-23,46	-23,9	-25,1	NA	-25,2	-22,5	-25,4	-26,06	-22,4	-23,09	-22,28	-23,5	-25,14	-22,4	-21,5	-23,5	-22,4	-22,2	-24,0
1948	-25,3	-23,8	-21,7	NA	-24,4	-24,92	-23,77	-24,7	-24,6	NA	-24,2	-22,6	-26,4	-26,35	-22,9	-23,32	-23,01	-23,8	-25,34	-22,9	-23,2	-24,0	-22,8	-22,6	-24,2
1949	-25,1	-23,0	-21,7	NA	-23,6	-23,21	-23,85	-24,7	-25,5	NA	-24,9	-22,6	-25,4	-26,38	-22,9	-23,79	-22,52	-24,6	-24,27	-23,0	-23,5	-23,5	-22,2	-21,9	-22,9
1950	-24,6	-23,5	-21,8	NA	-23,8	-24,55	-23,77	-24,3	-25,2	NA	-25,3	-23,0	-26,7	-26,23	-21,7	-23,25	-22,34	-24,8	-25,90	-22,4	-23,6	-23,3	-22,5	-22,7	-24,5
1951	-24,7	-23,8	-21,9	NA	-24,0	-24,71	-24,07	-23,9	-25,1	NA	-25,0	-23,5	-26,6	-26,50	-22,4	-23,05	-23,01	-25,1	-25,23	-22,2	-23,4	-23,7	-22,5	-23,1	-23,9
1952	-26,2	-24,1	-22,4	NA	-24,0	-23,83	-24,27	-24,1	-24,9	NA	-25,4	-23,6	-26,5	-26,87	-22,6	-23,83	-22,59	-24,5	-24,90	-22,6	-22,9	-23,7	-22,4	-22,8	-23,8
1953	-25,7	-23,5	-22,2	-20,3	-23,6	-24,64	-23,86	-24,2	-24,5	NA	-25,3	-23,3	-26,6	-25,62	-22,8	-23,29	-22,52	-24,4	-25,79	-22,8	-22,9	-24,0	-22,1	-22,5	-24,0
1954	-26,4	-24,2	-21,5	NA	-24,2	-25,28	-24,33	-24,4	-25,1	NA	-25,7	-23,0	-26,5	-25,54	-22,5	-23,53	-22,13	-24,9	-25,51	-22,8	-24,3	-23,9	-22,4	-22,7	-24,8
1955	-25,0	-24,0	-21,4	-20,3	-23,8	-25,05	-22,98	-24,1	-25,2	NA	-25,3	-23,0	-24,9	-26,98	-22,8	-23,14	-22,78	-25,8	-25,39	-23,2	-23,7	-23,7	-22,4	-22,4	-22,4
1956	-24,9	-23,8	-21,4	-20,7	-25,5	-25,78	-23,96	-24,3	-25,1	NA	-25,3	-23,3	-27,1	-26,07	-22,8	-23,73	-22,23	-25,1	-26,24	-22,7	-23,7	-24,1	-22,5	-22,6	-23,8
1957	-25,6	-24,3	-21,4	NA	-25,3	-23,91	-24,20	-24,3	-24,8	NA	-25,5	-23,2	-26,2	-26,72	-22,6	-23,51	-21,81	-25,1	-25,67	-23,2	-24,2	-23,9	-22,4	-22,6	-23,6
1958	-25,8	-23,5	-21,4	NA	-25,1	-26,26	-24,12	-24,7	-24,7	NA	-25,3	-24,0	-26,5	-26,36	-22,7	-23,63	-22,55	-25,6	-25,93	-22,9	-24,3	-23,7	-22,8	-22,8	-24,1
1959	-23,8	-23,8	-21,7	NA	-23,8	-25,08	-22,92	-24,1	-24,4	NA	-25,5	-23,1	-25,7	-26,78	-22,9	-23,50	-22,78	-25,4	-25,54	-23,0	-23,4	-23,4	-23,1	-21,6	-22,9
1960	-26,2	-24,2	-21,9	-21,0	-23,8	-24,16	-24,16	-24,1	-24,0	NA	-26,0	-23,4	-26,6	-26,13	-22,6	-23,90	-22,76	-26,0	-26,02	-23,0	-25,1	-24,0	-22,4	-22,2	-23,8
1961	-26,0	-23,1	-21,7	NA	-23,9	-24,90	-24,10	-24,6	-24,6	NA	-25,7	-22,9	-26,9	-26,02	-22,4	-24,10	-22,12	-25,4	-25,03	-23,0	-24,2	-24,2	-21,9	-22,3	-23,0
1962	-26,4	-23,3	-21,2	NA	-24,2	-24,19	-24,63	-25,2	-25,5	NA	-24,8	-22,4	-26,6	-26,26	-22,9	-24,20	-21,41	-25,2	-25,47	-22,9	-24,9	-23,6	-21,4	-22,3	-22,6
1963	-24,7	-24,5	-22,2	NA	-23,5	-24,70	-23,97	-24,6	-25,5	NA	-24,8	-23,2	-26,6	-26,22	-22,4	-23,02	-22,52	-24,8	-25,94	-23,5	-23,2	-24,0	-22,4	-22,6	-23,6
1964	-25,2	-23,9	-21,6	NA	-23,4	-25,02	-24,33	-24,3	-24,7	NA	-24,7	-22,1	-26,2	-26,38	-22,8	-23,15	-22,83	-25,5	-25,91	-23,6	-22,7	-23,6	-22,8	-22,5	-24,2
1965	-26,0	-23,8	-21,4	NA	-24,1	-24,22	-24,22	-24,6	-25,4	NA	-25,2	-22,3	-26,1	-25,60	-22,9	-24,14	-21,96	-25,0	-25,76	-23,1	-23,5	-24,1	-21,9	-22,4	-24,8
1966	-25,1	-23,9	-21,8	-20,6	-24,3	-25,08	-23,92	-24,5	-25,3	NA	-25,7	-23,7	-26,2	-26,00	-23,0	-23,48	-22,79	-25,1	-25,04	-23,4	-23,4	-24,1	-22,5	-22,9	-24,4
1967	-25,5	-22,7	-21,9	NA	-24,6	-24,60	-23,92	-24,6	-25,1	NA	-25,4	-22,3	-26,4	-26,90	-25,6	-23,68	-22,30	-24,8	-25,16	-23,3	-23,9	-23,7	-22,9	-22,7	-23,7
1968	-24,8	-24,2	-22,0	NA	-24,5	-25,26	-23,56	-25,0	-26,1	NA	-24,8	-22,7	-25,8	-26,72	-25,5	-23,30	-22,17	-25,7	-25,14	-23,2	-23,9	-23,8	-23,1	-22,9	-22,9
1969	-24,0	-24,2	-22,1	NA	-24,1	-24,66	-23,22	-24,9	-25,5	NA	-24,7	-22,8	-25,9	-26,75	-24,8	-23,43	-23,08	-25,0	-25,23	-23,7	-23,3	-23,4	-23,1	-23,1	-23,7
1970	-25,9	-23,9	-21,7	NA	-24,8	-25,26	-23,66	-24,7	-24,4	NA	-24,9	-22,7	-26,6	-27,26	-24,8	-23,30	-23,11	-25,6	-26,10	-23,2	-23,9	-23,6	-23,4	NA	-24,7
1971	-23,9	-24,4	-22,1	-21,0	-24,2	-24,79	-24,05	-24,9	-24,9	NA	-25,9	-24,3	-25,7	-27,47	-25,1	-23,09	-22,92	-25,5	-25,29	-23,2	-23,8	-23,8	-23,4	-22,7	-24,7
1972	-24,9	-24,3	-22,9	-21,0	-24,8	-25,32	-23,33	-24,1	-24,6	NA	-24,9	-23,2	-25,6	-27,04	-25,4	-22,99	-23,38	-25,5	-25,80	-23,3	-23,9	-24,3	-23,9	-22,8	-23,9
1973	-25,0	-24,4	-22,6	NA	-24,1	-24,64	-23,21	-24,1	-24,8	NA	-25,6	-23,1	-26,7	-25,98	-25,6	-23,26	-23,59	-25,4	-26,61	-23,5	-23,6	-23,9	-24,1	-22,4	-24,8
1974	-26,4	-24,0	-22,5	NA	-24,4	-24,23	-24,28	-24,5	-25,4	NA	-25,0	-22,9	-26,6	-26,27	-25,9	-23,83	-23,29	-25,4	-25,91	-23,0	-24,3	-24,0	-23,3	-22,6	-24,9
1975	-25,5	-24,2	-22,7	NA	-23,7	-24,77	-22,93	-24,3	-25,9	NA	-25,3	-23,2	-26,0	-25,58	-25,1	-23,26	-22,80	-25,1	-25,63	-23,5	-23,9	-24,2	-23,6	-22,1	-22,8
1976	-24,8	-23,2	-22,6	NA	-23,3	-23,43	-23,14	-24,8	-25,5	NA	-25,4	-22,7	-26,0	-27,14	-25,6	-23,37	-23,96	-24,5	-25,29	-24,2	-23,9	-23,6	-24,2	-21,9	-22,2
1977	-26,5	-23,7	-22,6	-21,1	-24,6	-24,86	-23,79	-25,0	-25,8	NA	-25,0	-24,0	-26,2	-27,42	-24,6	-23,21	-24,17	-24,6	-25,47	-23,4	-24,2	-23,7	-24,4	-22,8	-23,8
1978	-26,1	-22,5	-22,3	NA	-24,8	-24,60	-24,37	-24,8	-25,8	NA	-26,1	-22,9	-27,2	-26,88	-25,4	-23,35	-23,29	-25,4	-26,18	-23,5	-24,2	-23,9	-23,1	-22,4	-23,8
1979	-25,9	-24,2	-22,3	-20,8	-25,0	-24,31	-25,17	-24,8	-25,5	NA	-25,9	-22,6	-27,1	-26,38	-25,1	-23,33	-23,42	-26,1	-25,54	-23,8	-24,2	-23,3	-23,5	-22,7	-24,0
1980	-25,4	-23,5	-22,0	NA	-24,9	-25,01	-24,37	-24,5	-25,5	NA	-26,5	-23,5	-26,6	-27,66	-25,5	-23,39	-22,89	-25,4	-25,81	-23,6	-24,7	-24,1	-23,7	NA	-25,1
1981	-26,3	-24,9	-22,1	-21,5	-24,8	-24,60	-24,77	-24,9	-25,8	NA	-25,8	-22,9	-26,6	-25,94	-25,5	-23,50	-23,43	-25,6	-25,53	-23,9	-24,4	-23,5	-24,0	-23,2	-24,4
1982	-24,9	-23,5	-22,6	NA	-23,7	-24,07	-23,27	-24,9	-25,9	NA	-24,6	-22,9	-26,5	-25,70	-25,3	-23,85	-22,79	-25,6	-25,34	-23,8	-23,7	-23,8	-24,3	-22,9	-24,9
1983	-25,3	-23,7	-21,9	-22,3	-23,5	-23,65	-23,69	-25,1	-26,0	NA	-25,3	-23,4	-25,9	-25,90	-26,0	-23,43	-22,46	-24,9	-25,61	-23,8	-23,8	-23,4	-24,4	-22,8	-24,4
1984	-26,1	-22,9	-21,8	NA	-24,5	-23,93	-24,49	-25,2	-26,2	NA	-25,0	-22,8	-25,5	-25,03	-25,9	-24,12	-22,78	-26,0	-25,49	-23,8	-23,5	-23,3	-23,8	-23,2	-24,8
1985	-26,6	-24,1	-22,0	NA	-25,1	-23,83	-24,68	-25,4	-25,4	NA	-25,4	-23,4	-26,6	-26,87	-25,9	-24,38	-22,78	-25,5	-25,69	-23,3	-24,1	-23,9	-24,3	-23,4	-26,1
1986	-25,7	-24,0	-22,1	-20,0	-25,0	-23,42	-24,52	-25,0	-26,0	NA	-25,6	-22,7	-26,1	-26,24	-26,1	-23,61	-22,52	-24,6	-26,68	-24,0	-22,3	-23,4	-24,1	-23,3	-25,3
1987	-25,6	-25,1	-22,5	-20,0	-25,8	-24,63	-25,25	-25,7	-26,2	NA	-25,0	-22,9	-26,3	-25,61	-26,1	-24,60	NA	-25,9	-26,22	-23,8	-24,3	-24,1	-25,0	-23,9	-26,0
1988	-26,3	-25,0	-22,4	NA	-25,3	-24,63	-24,78	-24,9	-25,9	NA	-25,7	-23,4	-27,8	-25,58	-25,3	-24,04	-23,69	-26,7	-25,95	-23,8	-24,2	-24,1	-23,9	-23,6	-25,6
1989	-25,5	-24,1	-22,5	NA	-24,0	-24,26	-24,49	-24,9	-25,8	NA	-24,7	-22,7	-26,6	-25,24	-25,7	-24,01	-23,04	-26,1	-25,61	-24,2	-23,8	-23,8	-23,7	NAN	-24,7
1990	-25,5	-23,9	-22,8	NA	-24,0	-23,97	-25,08	-25,7	-26,2	NA	-25,1	-23,5	-27,3	-24,99	-24,8	-24,37	-23,25	-25,5	-26,00	-23,6	-24,2	-23,4	-23,9	-22,5	-24,1
1991	-25,5	-23,8	-22,8	NA	-24,1	-24,20	-24,66	-25,6	-26,4	NA	-25,5	-22,5	-27,0	-26,67	-25,2	-24,28	NA	-25,6	-26,00	-23,9	-24,2	-24,0	-23,9	-23,2	-24,7
1992	-25,3	-24,9	-24,3	NA	-24,3	-24,38	-23,72	-25,9	-26,3	NA	-25,7	-23,0	-26,7	-25,51	-25,1	-23,08	-23,64	-25,8	-26,41	-24,0	-23,4	-23,9	-24,4	-23,2	-26,0
1993	-25,4	-25,0	-22,6	NA	-25,0	-24,93	-24,82	-25,7	-26,0	NA	-24,9	-23,2	-27,4	-26,18	-25,3	-24,07	-23,04	-24,6	-26,13	-23,4	-24,5	-23,4	-24,6	-23,4	-25,4
1994	-26,4	-24,8	-22,7	NA	-24,2	-24,53	-23,95	-25,0	-25,7	NA	-25,8	-22,8	-28,5	-27,51	-25,1	-23,18	-21,97	-25,3	-26,53	-23,5	-24,8	-24,0	-24,1	-23,3	-24,6
1995	-24,9	-24,6	-22,3	NA	-24,4	-24,73	-24,71	-25,3	-26,1	NA	-25,7	-23,3	-27,3	-27,24	-24,6	-23,10	-23,29	-25,2	-26,03	-23,9	-23,5	-23,8	-24,9	-23,2	-24,5
1996	-25,6	-25,2	-22,3	NA	-24,5	-24,41	-25,15	-25,9	-25,7	NA	-26,2	-23,3	-27,5	-28,71	-25,4	-23,70	-23,81	-25,3	-26,05	-24,0	-23,5	-24,3	-24,0	-23,7	-24,9
1997	-26,0	-24,8	-22,7	NA	-24,7	-24,68	-24,37	-25,4	-25,1	NA	-25,6	-24,2	-27,1	-26,51	-25,0	-23,23	-23,93	-25,4	-25,95	-24,0	-23,4	-24,9	-23,9	-23,2	-25,3
1998	-26,9	-25,1	-22,3	NA	-25,4	-25,14	-25,67	-25,7	-26,1	NA	-27,3	-23,2	-27,7	-27,35	-25,3	-24,31	-22,47	-25,8	-26,08	-23,7	-24,4	-24,9	-22,7	-23,3	-25,7
1999	-25,7	-24,5	-22,8	NA	-24,8	-25,00	-25,36	-25,6	-26,2	NA	-27,7	-23,0	-27,5	-26,94	-25,3	-23,31	-23,08	-26,4	NA	-24,3	-23,8	-25,1	-23,8	-23,3	-25,6
2000	-26,3	-25,3	-22,3	NA	NA	-26,41	-26,07	-26,0	-26,4	NA	-26,7	-23,3	-27,8	-27,31	-25,3	-24,46	-23,21	-25,9	NA	-24,1	-23,9	-24,9	NA	-23,7	-25,3
2001	-26,2	-24,8	-22,2	NA	-25,1	NA	-25,38	-25,7	-26,3	NA	-26,3	-23,1	-28,2	-26,70	-26,0	-24,76	-22,85	-24,8	NA	-23,6	-23,8	-24,6	NA	-23,6	-25,3
2002	-25,9	-25,5	-22,2	NA	-25,8	NA	-25,18	-25,7	-26,2	NA	-24,7	-23,7	-27,5	-27,49	-25,6	-23,38	-22,83	-24,7	NA	-24,2	-22,1	-24,9	NA	-24,0	-25,2
2003	NA	NA	NA	NA	NA	NA	-24,68	NA		NA	-25,6	NA	-26,6	-27,89	-24,1	NA	-23,45	NA	NA	-24,0	-22,1	-24,5	NA	-23,6	-25,1
2004	NA	NA	NA	NA	NA	NA	NA	NA		NA	-26,4	NA	NA	NA	NA	NA	NA	NA	NA	NA	-24,0	NA	NA	NA	NA
2005	NA	NA	NA	NA	NA	NA	NA	NA		NA	NA	NA	NA	NA	NA	NA	NA	NA	NA	NA	NA	NA	NA	NA	NA